4.450432080318342254e-01
-1.359679338747983968e+00
-2.822139740874959890e-01
-1.394270578997483856e+00
5.036622289794054907e-01
-1.084370966592788088e+00
1.576978466241808263e+00
-6.024992922492397041e-01
-2.261445576123333634e+00
1.327070007343472968e-01
-1.366857796223886146e+00
-5.417190546645046512e-01
1.960195783928199986e-01
6.899190716310635851e-01
3.193261737179901028e-01
-1.650362127259674683e+00
-9.126576526554899260e-01
3.238859652356181340e-01
-1.500636538407986498e+00
5.910789185808756896e-01
-1.288136702361210917e+00
1.973560238968973812e-01
5.285492724787050900e-01
-8.629311906097397733e-01
-1.216261162464754797e+00
2.127321421054808037e-01
3.511900036688887505e-01
-1.895117953671860977e+00
3.171686784115194113e-01
2.829047605870010917e-01
5.329351138350832962e-01
-4.432343245883333949e-01
2.340060277191840805e-03
4.223188484164117629e-01
4.837041191678587149e-01
-2.342144122789298344e-01
-1.447576936849093610e+00
1.050403268768725779e-01
-1.255940726170272193e+00
3.369779513260544035e-01
-2.975385397853709257e-01
1.728189072159159956e+00
-2.148277063700627931e-01
-2.771158020808134892e-01
1.155062988455184181e+00
-9.007594192235659492e-01
-1.070943280886951676e+00
-3.535052189587889471e-01
-2.003772788081433220e-01
-9.787698018798798860e-02
1.090208631019660368e+00
-1.312716532095379446e-02
5.130812620388892631e-01
2.204487402196315393e-01
-7.312453923842099357e-01
-1.833504390703779019e-01
-1.978423380066874071e-01
1.365111539000422036e+00
1.127536534480964470e+00
-3.086759870712176279e-01
-7.909250585465515959e-01
-1.264583139949043145e-01
-4.345652550789375623e-01
4.102186975705165994e-01
-3.995971128293467900e-01
5.610052594822495520e-01
-3.456763707909883410e-01
-6.327873510816073299e-01
-9.080854098407334929e-01
9.038999748647233989e-01
4.221439628927271537e-01
-4.164141593230123450e-01
9.410784783582171187e-01
1.106621607974369148e+00
1.203354625655017607e+00
-2.395026327379406184e-01
4.711603438031527480e-01
3.131497886653381024e-01
-7.931548376999634220e-01
1.686318409688136177e-01
2.635074215112271495e-02
-2.775226903254641719e-01
-1.365759678543326805e+00
5.778718704508787329e-01
1.817151770733421434e-01
2.106250016658953450e-01
1.242621566957280710e-01
6.577923479478700042e-01
1.794212043697733516e-01
-7.352498174529474573e-02
-4.965554034264789141e-01
1.472266026653953341e-01
-8.508961312517588915e-01
-2.808119964995081652e-01
4.304401058933956525e-01
1.051093547027137420e+00
-7.972656806728720680e-01
3.102563960985414426e-01
2.781551814730799377e-01
-4.316686523748937410e-02
-6.735187949819322339e-01
5.443900423459423488e-01
-6.539129912759764629e-01
-1.290879328497272382e+00
4.016813119170413726e-01
-4.710695862222082364e-01
3.908230268256476098e-02
-2.676092843687306530e-02
-7.251960733237388101e-01
1.604718326031243092e-01
-8.454137786077112748e-01
1.249448528391268409e+00
-7.757856039892914446e-02
1.662664404253094419e-01
-3.665879952848529744e-01
9.607134128883998425e-01
-6.011248894065630566e-01
4.665721931666969025e-01
1.411539326299019015e+00
-1.379678080392446660e+00
3.927330170568854029e-01
-2.012286475439906686e-01
-1.640251106014175425e-02
5.176546310079807034e-01
9.919645292836076766e-02
-1.272711458401833751e+00
-3.885974473978852095e-01
-7.333594088620510876e-01
-2.078845554457462885e+00
2.713272253908196596e+00
-3.855327973007885989e-01
4.425462066312869647e-01
2.323234429733651504e-02
-1.766358190695157537e-01
-9.156355397218827186e-01
2.528748557565471677e-01
1.109584794318133838e+00
7.656664655600602110e-02
-1.943681617412493345e+00
-3.352057310086161146e-01
3.636593800672519583e-01
-9.354629633686547541e-01
-3.578346218274958690e-01
1.015053984011806687e+00
-4.913033418149558851e-01
-9.253648368654803225e-01
-1.793151402819732898e-01
-1.290371412442573140e+00
-4.568897832955350902e-01
6.918475098758600783e-01
-9.952693567395143326e-02
2.752054435480059125e-01
5.592137103473294318e-02
8.327382280980299978e-01
-5.479351146730411237e-01
-6.147505778899619022e-01
-3.974278766666651530e-02
-1.478975625318314169e+00
1.974192393879397878e-01
-1.393641817498941116e+00
4.293226239220612750e-02
-1.966308478008768346e-01
-6.222707283612090023e-01
8.152478362835530179e-01
2.938780957843156738e-01
-1.619377124980841742e+00
2.000065277933467667e-01
7.007340180172594302e-01
-3.197845370227077599e-01
9.212964480579355353e-01
7.110054474286741089e-01
-2.026944362158920043e-01
7.675083713349459824e-01
1.161577009744019645e-01
-1.631894666571128694e+00
-1.233149940074008466e+00
-2.919512255428215464e-01
-1.442100802263858728e-01
2.217425433848300986e-01
-5.493462045993037224e-01
8.133951215730690354e-01
6.736682028142623180e-01
-1.872030786581045381e-01
-1.379875945412657678e+00
-1.017476193036929599e+00
2.114443056129274023e-01
7.909888050469671139e-01
8.678365548776533211e-01
4.015246817796099266e-01
1.360725911661960219e-01
-2.539169997637301668e-01
-3.430945558985822874e-01
-1.140497286525640336e-01
-8.441335611686530405e-02
1.904450314163938507e-01
-1.119733655569867675e-01
7.209196610576169562e-01
2.435370345614993048e-01
-1.821992628740869424e+00
7.318876651986582979e-03
-1.184193773718147824e+00
5.543702890352536494e-01
3.671850546156005257e-01
-1.573629345791399334e-02
1.761350555504625492e-01
7.637293472357209456e-02
6.600080082399881753e-01
-1.400067313498500610e-01
1.444939166275590603e-01
-4.335417656572188583e-01
-2.623158828080946470e-01
-4.702446851888230639e-01
-1.396648377664608809e+00
8.167803373395678967e-01
1.437951334002975368e-01
2.442341951232834124e-02
7.043141967988456043e-02
4.037427056083830457e-01
3.650224600874695802e-01
5.918359593681312703e-01
-9.717906948951113288e-02
1.097712861258874684e+00
-1.371650070795253640e-01
3.274739460436796312e-01
-1.034185840596045125e+00
1.212355951068676829e-01
-1.167341264131609435e+00
3.901944218955153421e-01
1.862911703725073920e-01
2.031453526276233157e-01
2.826629223084336506e-01
1.226735545666183480e+00
-2.288156805601042343e-01
-1.650831955723149336e-01
-1.018510194227609134e+00
-2.836105671100576653e-01
-7.404960571423578886e-01
-3.141952339773894654e-01
7.587753474354446137e-01
5.431070728452147556e-01
-3.100201427966193246e-01
-3.408387408057522161e-01
2.938629488108533416e-01
7.411724756240932743e-01
-1.587662029559700594e+00
-1.140008206481268743e-01
7.470861864127272822e-01
3.371923951870740011e-01
-4.491684951680922633e-01
-1.423539995865505114e-01
-2.174464745215604067e-01
-1.068519712152622203e+00
-2.895198982511437702e+00
-7.399620389742216087e-02
-7.806188869387918894e-01
5.962536984919596383e-01
4.164129625980939942e+00
6.185434035319700152e-01
-4.533947333468136276e-01
-1.727942827353275146e-01
-8.221007014293952864e-01
-4.196663880705676641e-01
5.684299728877356683e-01
-3.785779831414060048e-01
-1.213954037004123743e+00
3.181694272676167667e-01
5.291882696453750201e-01
-4.578213475287339906e-01
-1.569155978313353073e+00
-1.564719818994268818e+00
2.407225656594101648e-01
2.080504085903273626e-01
1.465391726901756009e+00
5.430116341917514688e-01
8.184916224244425109e-01
-4.064494407303702594e-01
9.744675711067367629e-01
-4.656092572453610079e-02
1.204577540555562126e-01
-4.110670254480769392e-02
-3.110873897935652055e-01
6.747227692662342846e-02
-7.761524630036151784e-01
-1.148515532195495403e+00
1.121001287764564341e-01
-1.064242956709604782e+00
2.824170150641433508e-01
9.743109523482925693e-01
-5.229454333148416678e-01
-2.191178459687689040e-01
-9.820426993905047308e-02
1.407721975717469987e-01
-2.274746282049390222e-01
-6.540747517051860305e-01
1.125165014153601400e-02
7.434862099542068892e-01
-6.610753604623635926e-01
2.086625211064377927e-01
2.540636956905326094e-01
-1.339260688917721431e+00
-2.100610976982185407e-01
1.265477988726831038e+00
-4.383179224078852521e-01
-1.289886324212080604e+00
-1.068206336881274643e+00
1.657828904088428923e-01
-4.844566991990011950e-01
5.532254868272076243e-01
-1.046728153580368303e+00
-1.645062945430242562e+00
-8.035401407390525552e-01
1.137014240256854825e+00
-8.113363110682002277e-02
-3.630545209569937572e-03
5.692504114386088832e-01
-5.898256962853923868e-01
2.975699419805200030e-01
6.376143283672446316e-01
6.897318724693819458e-01
3.141739172274821135e-01
1.633294036773986768e+00
-2.591016172258620021e-01
1.319755574956456012e+00
-1.324193682189060750e+00
-3.386182633161037847e-01
1.142241725986344658e+00
-1.338974863796043857e-01
-9.335594176415309420e-01
8.444146913371805008e-01
3.459865282580397352e-03
-2.225970390990047176e-01
4.301810143974212353e-01
-2.940284656873228819e+00
1.524298289404555362e+00
-2.805288335938534439e-01
-3.954870679838710101e-01
-5.679415911348957569e-02
-1.960142215458713588e+00
-8.131077741535376949e-03
1.184654254831449399e-01
7.410396530203545717e-01
-2.543470438538004696e-01
2.209270564174025675e-01
-1.843428714131610802e+00
1.165083108481856644e-01
-1.344467982000928652e-01
7.377522358557177251e-02
6.884462740529845304e-02
7.683560601609042973e-01
1.220144001274185319e+00
