-5.562822966313689665e-01 8.206023136989468725e-01 9.919957448596118388e-01 3.693030034215218360e-01 -1.278768978834066372e+00 -5.679024900801310505e-01
-4.071791579136795347e-01 -2.757025190199894338e-01 1.857673953402801503e+00 -2.262768685482843711e+00 -1.129123872616980551e+00 1.018847991186318414e+00
1.333557139731648411e-01 -1.357255317412215279e+00 -3.882059927210639722e-02 -9.200683204674079407e-01 1.265720318156323021e+00 -7.004498872220268346e-01
3.189879389669125764e-02 -8.062772248119325080e-02 2.051946737240507024e-01 -6.908736609474845913e-01 -5.258358519129876507e-01 2.388604222556827902e-02
7.386222861784879079e-01 -1.986528209034363890e+00 1.837335467385633025e+00 -8.638765843327796290e+00 -2.194372971444154885e+00 -1.311026981028163618e+00
-5.542020393143314294e-01 -3.612303533906259245e-01 1.646781484612120927e+00 -8.132307186989604642e-01 9.052458476023373946e-01 -3.225614718863705210e+00
-5.229739410637694874e-01 1.712012172549761679e+00 -4.318586852788435793e-01 -2.437598676003873699e-01 -2.666719222144122159e-01 -2.111475494903628292e+00
-4.571290041510540081e-01 2.167312979481126889e-01 5.189860778486713455e-01 6.489932739917882998e-01 -2.604589401284385097e-01 -3.739448310152418742e+00
-6.231838089326607877e-01 9.384329976812937346e-01 6.553045923708482601e-01 -4.059940043792929498e-01 -5.181605010712396486e-02 -1.066838016836176850e+00
-2.853711153474449147e-01 7.312261713884316006e-01 1.116808791740995371e-01 -1.171801737865729054e+00 8.593033441531680028e-01 -3.165142571501333268e+00
-2.807324810453470931e-02 3.308981799488589282e+00 -2.363996405624738451e+00 -2.182399992271443878e+00 -2.535840533890894033e+00 -1.567569554659248077e+00
-2.338663193169524257e-01 -2.731678180909373754e-01 1.663718796668231178e-02 6.892445672490116193e-01 -5.481589305370123677e-01 -2.648282906031393380e-01
-1.141501932529676244e+00 5.607188842256539907e+00 -2.485273835794091501e-01 -2.026793924397525704e+00 -3.315436748846990245e+00 -1.107593331689616933e+00
-7.148752094018870351e-02 -8.299862531179796887e-01 -4.477466453888915843e-01 4.159822358227081573e-01 -3.216783989270756705e-01 -1.920730481148606783e+00
8.916319886143048157e-01 -1.275749889847019203e+00 -6.183851347896982098e+00 1.311975288906006565e+00 -1.773301277476752258e+00 -4.029339698722216312e-01
-7.807360442233600706e-01 -4.159945452624685736e+00 -8.653316060499927076e-02 7.734616938149653231e-01 3.010093882032665924e+00 1.033896001255799613e+00
1.012717514846181999e+00 -5.494709287072050419e-01 -5.054134274003053484e+00 -4.206992735562061547e+00 -1.099473605181748859e+00 -4.821814144319213624e-01
-5.442443834567413097e-01 9.298599984119760853e-01 -7.875212340556630997e-01 2.064735227219256786e-01 -6.184220978725079032e-01 1.067153669073856559e+00
-1.538905100280349714e-01 9.512127094666728011e-02 2.923604365839804209e-01 1.941929856138036314e-01 -9.984731433768782860e-02 -5.867265157129982756e-01
-6.243299258652703632e-01 2.572574967633130871e+00 -4.096754098251085829e-01 -2.706407596312703223e+00 1.021242041701078351e+00 4.616477903720055953e-01
-1.611570047599280575e-01 -3.423625703447623625e-01 9.777813740481458016e-01 -1.489852653389632131e+00 3.505906148649665655e-01 -5.423458972498864522e-02
-1.821254764550609417e-01 5.897453310728792975e-01 2.535326758312996809e-01 -9.758448336712378657e-01 3.752206573825300207e-01 -1.176054140443043128e+00
4.145822511385401365e-01 1.119563119149420416e+00 -8.756861211619310081e-02 -6.440354298437028113e+00 -2.095182564654730406e+00 3.447205229983621333e+00
-4.261004190982831674e-01 4.446354063012502023e-01 9.803124147976705061e-02 3.172822361965126348e-01 -1.632225483462761487e-02 -2.755193105420627564e+00
1.233755151571597486e-01 -1.029964973266230155e+00 1.852643173399035337e-01 -3.534845737543662603e-01 -2.844283296801496386e-01 -2.386367194783824530e+00
-5.868377128146121668e-01 3.092689468498031058e-01 -1.640162318996119417e+00 2.341829981159283314e+00 -7.160334868385140883e-01 -2.247917975174162031e+00
-5.082769660455431771e-01 6.361435317177079884e-01 -1.495145418456552466e+00 3.315018170948897946e+00 -2.444508235350093095e+00 -2.310333682180850889e+00
-3.620777078856986936e-02 -1.300526435858163854e+00 -1.336895230734941098e+00 9.210483634520028051e-01 5.185281595047420700e-01 -1.315042052062840972e+00
-1.580478868606859377e+00 2.720814635225703881e+00 -1.962764768364270607e+00 -4.462326501824843694e-01 1.942853360050287082e+00 2.323952775956378947e+00
-6.228813646651627511e-01 -5.391245380734958070e-01 1.461009297595832868e+00 1.228679542661879287e+00 -1.974087740531071722e+00 -6.560053352280131866e-01
-4.924769157818645327e-01 2.635929083374551896e-01 1.106815046792516272e-01 1.168914599309450741e+00 -1.059117248421926671e+00 -1.208240089424026609e+00
-6.546220580362758223e-01 2.461819633219417103e+00 4.695056706395684398e-01 -6.002009423678497102e-01 -1.836182592752727327e+00 7.958398251932558010e-02
1.014429362289420045e+00 -7.870360769862876360e-01 -9.548915410023333106e-01 -2.940245456962870652e+00 -2.212168043418306862e+00 -1.702772508388455508e+00
-2.777782517548497143e-01 6.606309402414655141e-01 -5.316018536517662652e-01 4.397069467451228397e-01 -9.699060883499154295e-01 -2.145152521337463369e+00
5.064633390257283763e-01 -3.621962139458052565e-01 -1.915996872269466467e-01 -1.373921955115880777e+00 -2.769909363712237838e+00 1.535212293036668785e-01
-3.701910573552341099e-01 -3.832369346600307258e-01 5.179408968557982496e-01 -3.214466480187541664e-01 5.214307540055068690e-01 -1.079174252478454221e+00
-1.843114437982124487e+00 -4.912317495342232831e+00 3.185469354974496348e+00 3.070730358636708512e+00 1.418116554164338128e-01 7.237762809672745323e-01
-5.967080652511475014e-01 4.731727673852554328e-01 6.696829363622225362e-01 -4.278641278250968488e-02 3.927228249035175089e-01 -3.486754777341950273e+00
-9.088619376710073139e-01 8.158241775943348983e-01 7.384449219610883519e-02 9.324209872025368551e-01 7.113340087157120628e-01 -8.819401913262091552e-01
-1.496708617056567991e+00 -1.351031586202729340e+00 8.374143148800748948e-01 7.748533246889266479e-01 2.524470800296028994e+00 6.729716622221947331e-01
4.758839435389236039e-01 8.572153660761159255e-01 -3.629140932910746464e+00 -2.654239005130818008e+00 -2.201137427707311467e+00 -3.756368355943992543e-01
-3.687152547440480932e-01 -6.630069420276117897e-01 6.971227033927008820e-01 7.051425069628898534e-02 -1.395721716837530074e-02 -2.528944520131565454e+00
-4.271526375440942713e-02 -1.754784156557639141e-01 4.552665454222807884e-01 1.168468974376941499e-01 -1.601935089343224483e+00 -1.508903487158828272e+00
-3.901216860984228485e-01 -1.301480189530472842e+00 5.793608635813908281e-01 -2.300980884784454283e-01 5.034902203346820482e-01 -3.090241178206519113e+00
-2.134343798498452571e-01 5.513818408450038566e-01 3.005761901445134221e-01 -1.042834636690203043e-01 -6.457704310995464325e-02 -3.557146332974363556e+00
-2.920649321975422041e-01 5.057547277950867892e-01 -1.751911613352183650e-01 9.870209618083793102e-02 -1.329441476388895316e+00 -2.748929115378017762e+00
-5.162914635134436825e-01 -3.828669083091104097e-01 3.446628127483666870e-01 -1.483573461566720098e-02 -3.359924093715018767e-01 1.785059068602538532e-02
-2.761839701936784630e-01 -1.292633435390591889e-01 -3.561097904223513022e-01 -7.670918709003382574e-03 6.949161764165393551e-01 -1.626318474334574882e+00
-5.200684805147364198e-01 7.500108022857983059e-01 7.663504568816726925e-01 -6.637581032271729076e-02 -5.584797302562394261e-01 -3.757376230367863168e-01
-5.969888979915220079e-02 -2.941197425401374521e-01 3.609126072983273592e-02 -1.405232597247723980e+00 1.670178788950169024e-01 8.621489097802012003e-01
-9.667642455685004910e-01 2.178284807516495558e+00 -9.785289397556148905e-02 -8.009228522261971905e-01 2.590378266916221750e-01 1.161174348354958807e+00
1.719890243989732059e-01 3.384977037368246400e-01 -1.657041822092105932e+00 1.066768986717868017e+00 -1.295435446362813048e+00 -2.669856825170573433e+00
-3.812372193545102705e-01 1.147340748483778761e+00 -1.483689832066746206e+00 6.961081208229653594e-01 -8.438636612553146454e-01 -1.971716317718170464e+00
2.299295565528604035e-01 -1.104081990943703406e+00 -1.960612492279827146e+00 9.108099530952386003e-01 -1.161062670860045332e+00 -1.456745878338743694e+00
8.837814218583137649e-01 -2.431988967392407552e+00 -3.988116588547300778e-01 -1.638015024718380896e+00 -4.640467619476750905e+00 -9.826958103215907014e-01
-9.126426132431575411e-01 2.169864036133579699e-01 -1.909034511534784539e-01 2.655836127873651975e+00 6.770319456217804843e-01 -4.004260719078973629e+00
1.776680581088437016e-01 -1.962917427480097121e+00 -1.247189519987102813e+00 -8.286828510580906970e-01 7.959945370126603192e-01 -1.445067773460050553e+00
9.945938883721848756e-01 -1.859218089797182616e+00 -4.398716214170826255e+00 -1.739728625337260581e+00 1.628377276628591552e+00 -1.167874329015424761e+00
-4.019570406342858337e-01 1.011533657084969562e+00 6.248523094353103380e-01 5.756091550442017646e-02 -1.287122643429374547e+00 -2.465392954195669173e+00
1.283510267865852761e-01 -2.789821612525943184e+00 -2.786381917101605321e+00 1.531138256094382033e-01 2.419537414806561149e+00 -1.853661412118111196e+00
-1.567741675604633900e-01 -1.412149027785185584e-01 -5.361145516401109173e-02 -1.198539222044089803e+00 9.601091366424970852e-01 3.373191658169322898e-02
-7.498529039152072029e-01 -4.165528377555960948e-01 1.022427677940949353e+00 1.286767587767264631e+00 -6.101609142756828641e-01 3.561138515444486896e-01
-8.876139764962385215e-01 1.973018146092926584e+00 5.509324889544501280e-01 1.744296418663353831e+00 -1.351689143887957023e+00 -1.500887507761061723e+00
-1.645180876699098071e+00 -7.351295032853630840e-01 3.588743598298997362e-01 -2.841389705443280178e-01 1.497610527614729736e-01 1.167379897689067719e-01
1.361515578718311414e-01 -5.523527450305469877e-01 6.156365493595282734e-01 -1.716206993754525012e+00 -7.930233059994651335e-01 7.336321654710051821e-01
1.097901241324594546e+00 -2.659636660163771094e+00 -4.290025088656169494e+00 -1.337011279847210871e-03 -1.234982780213367048e+00 -7.700123734032814360e-01
5.423645252720336041e-01 1.133608247405778036e+00 -4.622258198430440501e+00 -6.135936486990798411e-01 -1.843962364927468567e+00 -4.980527243540522342e-01
4.803715794887866153e-01 1.261549374292644021e+00 -4.483153487262996784e+00 -2.814259917041076253e+00 2.917511564046028627e-01 -7.544516153806966052e-01
-8.803072112933056637e-02 -5.890128491520429943e-01 5.040441967002093349e-02 1.409828036275415641e-01 6.665204975787407671e-01 -3.954474621630978071e+00
1.727454317515786653e-01 -1.078331895997639789e+00 -7.468304659476771024e-01 -2.549246039385664186e-01 8.371726125291594212e-01 -1.978197026677917192e+00
-2.290811394364758724e-01 -3.210308125980205318e+00 1.949111735915972643e+00 2.047586591009094015e+00 -2.932954136036266757e+00 4.647156559150559252e-01
-1.050571469312648665e+00 3.572342378127252527e+00 3.824164941330053247e-01 4.268190898174754611e-01 -3.571381820074250868e+00 -5.821335758384891257e-01
-2.029658174934680370e-01 -1.412644653889600477e+00 1.650311438426336430e+00 -2.970849430198799990e+00 1.632850595059107457e+00 -9.432410748614525886e-01
-4.427151300456097505e-01 7.299434068895210848e-01 3.407417682736492703e-01 6.767674063536929241e-01 -8.655205442786559900e-01 -1.026207258301464531e+00
2.576140661579657820e-01 -6.257165578056758104e-01 -4.063191495081459603e-01 -2.716615518527780160e-01 -3.315972978306098717e+00 -1.768206078970626649e+00
-2.129231409124932584e-01 -3.978178852323783765e-01 8.348557152656405078e-01 1.251981503711254162e-01 -2.234456104280284183e+00 -2.569223340937316635e+00
5.668030157421292126e-01 -1.942752982374281068e+00 4.284892026786876057e-02 -2.052975277281875233e+00 -7.076807698505425126e-01 -2.326660711750487831e+00
-8.510042392828430780e-01 1.033665823178812948e+00 5.574981717032195805e-01 1.363153862656869775e+00 -4.847193638263205262e-01 -1.759446712608839225e-02
4.768580873403496234e-01 -2.273557417219992605e+00 -3.078713038520473205e-02 -1.356416173996986885e+00 -1.402920764585096958e+00 -1.796750091174586617e+00
4.074448604469639301e-01 -2.916517254031301576e+00 -2.175615434821683181e+00 1.374122577205735496e+00 -5.741714977800378428e-01 -1.265446720206461650e+00
-3.241761743927423223e-01 -7.234772177237464019e-02 3.745971091450764345e-01 -1.559767075687901405e+00 1.624598413926887419e+00 -7.239542998962177345e-01
-1.759452491747048042e-01 -6.224134692497199639e-01 1.131015050320471893e+00 -2.472276262773857869e-01 -9.839938309572463515e-01 -2.456254932259383794e-01
-1.377103563843555145e+00 2.095486094668447041e+00 -1.432869345776353054e+00 2.847610756061196291e+00 1.321629035292004817e+00 -3.089511859970047070e+00
-8.287309821217869743e-01 -7.570488314454604240e-01 2.548500081926015515e+00 5.958778637351571650e-01 -1.383734358942637632e+00 -6.224593792702114436e-01
-8.738936239806420481e-03 -3.599581935214044015e-02 -5.985746891947189008e-01 9.033778858807175460e-01 -1.121885281934673184e+00 5.162864664425215189e-01
2.054001068137404351e-01 -1.538578195379179503e+00 7.004261500362259085e-02 -1.978481551766084534e+00 1.910385321414899584e+00 -3.670651982173791961e+00
-1.158799099537210164e+00 -1.450053120499782411e+00 2.282504720325368552e+00 -2.707580300658341543e-01 7.797958797843917989e-01 2.171665642959574316e-01
6.503427400536698766e-01 -2.092458981370570292e+00 8.008860848786226727e-01 -1.589967193795011280e+00 -4.567828147290610374e+00 -1.235483641622368456e+00
2.084449689583429965e-01 -3.656770098972144556e+00 8.736991243436386112e-01 -2.884156774839318205e-01 -1.390080992200194654e+00 -1.478234048432899961e+00
7.087000692226274046e-01 -3.248790229002092467e+00 1.408444118717165461e+00 -2.816831465556189240e+00 5.457114419743792633e-01 -5.426690210188612751e-01
-1.438696290801769473e-01 5.004221290312295123e-01 2.143434615659941811e-01 -5.067073877999054288e-01 -1.229003220261627005e+00 -7.149023275695998159e-01
3.297800001169792078e-02 8.897043524896279809e-01 -7.887657712722091485e-01 -2.824378626158201566e+00 9.276657548047210211e-01 -1.178360568579576162e+00
-1.149617626033417328e-01 -2.446647574583421303e+00 2.002693601754882202e+00 -7.847825748360687248e-01 -1.054770005954707601e+00 -1.007748582660349612e+00
-4.258201129829125020e-01 1.478722120593333855e+00 -4.214376130459606129e-01 1.853223006718064947e-01 -3.277143077072124822e+00 2.022567024983009443e+00
-7.334250213760343251e-02 -1.757183776812589970e+00 1.702341147990037662e+00 -4.356648663063510618e+00 2.880153052827903348e+00 -3.222190571371583268e+00
-3.712966178986974453e-01 8.324345966771782290e-01 -8.205738044558604782e-01 -7.204034749018937145e-01 1.224077893556700714e+00 3.680226694479563770e-02
-1.307043289590187785e+00 9.778350079927556893e-01 1.148204931037677817e-01 -8.978892273651802869e-01 3.682511242393185391e+00 -8.591299296247237316e-02
-2.091644045441774791e-01 5.944937611413837475e-01 4.131482263026048929e-01 -1.122482995659898508e+00 -1.170279036072337936e-02 -1.970123390988572032e+00
-2.466343692975382085e-01 7.591219381044098657e-01 1.575223898641655296e-01 -1.375270465448797275e+00 -2.837239838276222059e+00 -1.891168237259858165e+00
-5.482455655162928876e-01 4.501393867783446412e-01 -5.390782122017467870e-01 1.532885092799079751e-01 7.681103623413327863e-01 -6.424898672734351557e-01
6.639833407285945788e-02 2.452302607155902869e-01 -2.788246108505088028e-01 -1.147801714260489936e+00 6.209107082435942893e-01 -1.144231628939835321e+00
-2.575562392561960845e-01 2.165172267298064668e+00 -2.548453769608141073e+00 -2.187834488412931933e+00 1.813061343907892864e+00 -2.580330810615199422e+00
-3.958624364570187959e-01 1.079836670799383169e+00 -8.875261992534561051e-01 -8.267550480133624147e-01 -6.048565657040704258e-01 1.402913807225467879e+00
-3.955759825749879943e-01 3.863447201514487728e-01 6.163467466902112779e-01 3.752207711871750062e-01 -1.510878741986354079e+00 4.608589107594389667e-01
-1.362045880997865055e+00 2.644169476270945118e+00 -1.315956847575443067e+00 2.654582148877432157e+00 8.653428237986229288e-01 -9.593046493626196103e-01
6.142438689178157940e-01 -1.433905636670656847e+00 2.727708203351940641e-01 -1.550098258472553336e+00 -2.939277492791964264e+00 -1.896909404796828458e+00
-1.971178780765065197e-01 -4.206860924311920380e-01 3.442078335034766123e-01 -8.538603332191159190e-01 6.081192495510742146e-01 -3.515055962657042343e+00
-1.001526098561556832e+00 6.262083897381856001e-01 7.393665830820911333e-01 2.782880660256677352e+00 -2.306357763267312677e+00 -2.176579322702762165e-01
-1.371527841673811920e+00 1.699298776953360068e+00 4.918436775222434498e-01 1.758873358866893666e+00 3.957389863273936270e-01 -1.361966368288830553e+00
4.599203842342714649e-02 8.714416331027837748e-01 1.284077905924771723e-01 -2.484255097990063721e+00 -3.087027195034781624e+00 -1.986613455292015606e+00
-1.818418300836048607e+00 -9.238152893410340738e-01 1.918380797053989006e-01 -2.671440745183081833e-01 -3.142870100880702511e-01 -3.068248888585664580e-01
-4.688092387631340174e-01 3.513215745725090100e-01 -9.423769951136119483e-01 1.018691916186007740e+00 -4.328342271509807992e-01 8.134967669146943026e-01
-6.017426769363880545e-01 -1.202138657089081963e+00 -2.871763888683019367e-03 -6.884857115702882613e-01 2.139850945411112981e+00 -2.586554469204459306e+00
-8.670144234348253764e-02 -1.433643343285764260e+00 7.759059629811763115e-01 9.833001662424252221e-01 -5.920709722009230846e-01 -3.047359926702961186e+00
-1.476384999646783713e-01 1.435536941005318701e+00 -1.481843549847899032e-02 -1.765873866337128062e+00 5.416778644183668501e-01 -1.417145493782301147e+00
5.983751273595981912e-01 6.999511663771306180e-01 -3.013890218239541063e+00 -7.145179785950117601e-02 -2.968571175258998718e+00 -1.077973852868278737e+00
2.531619051649861563e-01 -1.494567185206447046e+00 4.141373215216824222e-01 -1.743839007257558527e-01 -8.150725592810544040e-02 -2.817492991500845978e+00
-7.877521401658413858e-01 -8.150382229040036286e-01 1.518704994310960066e+00 -1.244374866735503682e+00 2.742189297154547845e+00 -3.131625884828323603e+00
2.509789357222130812e-01 -5.670568914122705584e-01 1.654410218546318978e+00 -4.167858011307607136e+00 -1.643827885758249563e+00 -2.147859844836994547e+00
-2.449359782145453579e+00 5.869534312623440053e-01 1.074658024896859576e+00 -6.592989550355239370e-01 1.464103930265273856e+00 2.711905707980764912e+00
-6.549865404265804436e-01 -1.160622261222705037e-01 1.087235514674798731e+00 4.346558697515875980e-01 3.960329588613066276e-01 -3.102447739584204278e+00
-7.687903245390986795e-01 3.164670756501147597e+00 4.227442861240330862e-01 -2.290304777196821018e+00 -1.241814497719212040e+00 -8.752009310266537501e-01
-1.549494730732564829e+00 3.136233286466039161e+00 -1.033885401214050592e+00 2.682599220017106489e+00 2.216341757516646638e-01 9.576553622062328186e-02
1.907439785053302583e-01 -8.164332294440416193e-01 -2.585384559528811632e-01 -7.123190417338914893e-01 6.874625120030528613e-01 -3.874242607023048457e+00
-1.542154086706379323e-01 1.029493067867174982e+00 -7.850388725246909560e-01 -1.078094002670106466e+00 3.091740579481007667e-01 1.199807012401594847e-01
-1.190189534240029490e+00 1.243535743367999435e+00 -6.454903458802091487e-01 7.629017853450409392e-02 2.155202731514584524e+00 1.887646413512824584e-01
-4.976709805069203241e-01 3.897827225126497264e-01 7.965039080501825630e-01 1.217848076390546236e-01 -3.078145876575235085e-01 -2.223463843944141871e+00
1.112660220519188226e+00 -3.516411313919588277e+00 -1.749557191557488789e+00 -3.827688246845907249e-01 -1.622586699122936293e+00 -1.185738908307875539e+00
2.425132672027981162e-02 3.062462219473476716e-02 -9.583646146031251645e-01 -2.200166763439468820e+00 1.385273913294731374e+00 7.600424258835485336e-01
-9.907019507809899928e-01 -1.847847037491644473e+00 2.965773050732402272e+00 8.224173658511685359e-01 -1.827257368333640997e-01 -2.850785746325035674e+00
-7.507636963990346746e-02 -1.266359244177513166e-02 -8.741500422541391702e-01 1.137220363727033112e-01 -1.775065522699717180e+00 1.149041398767133071e+00
-5.627357433640138851e-01 1.184181389592318778e+00 -2.782329018462755155e+00 1.900572670315596180e-01 1.884375865281301188e+00 -2.314033054020364855e+00
7.456181376115752490e-01 2.055002384058626674e+00 -4.834247143955589188e+00 -2.549630708061564999e+00 -2.805183847863429669e+00 -5.196392881369630290e-01
4.193722359879584749e-01 -1.497726724816813126e+00 -1.398588243304272227e+00 -1.645722466823938412e-01 -4.076503233093800582e-01 8.397133293986644986e-01
7.285919998488540328e-01 -3.757058727557871958e+00 -3.102288152416480482e+00 1.884555463330370495e+00 -2.723011848602286400e-01 -1.829404746878125598e+00
-1.438679536435010509e-01 1.630955349071525062e-01 3.754375937407527508e-01 1.234936093974797755e+00 -2.483269156345945916e+00 -3.419326274620502204e+00
-3.621162200518057150e-01 5.139637472905141946e-01 -1.678636243641470349e+00 7.439818931651585032e-01 1.150210126338678585e+00 -3.108423803707149879e+00
9.285141537432011205e-01 6.026164069113045807e-01 -1.487972312192429092e+00 -6.629133172935218532e+00 -1.960305038990567184e+00 -8.142706238440921007e-01
3.394706650828410166e-01 5.595816963180924031e-01 -1.277806121713243259e+00 -2.440798724242627671e+00 6.031574978307916446e-01 -2.090765961750439494e+00
-4.664737426803056142e-01 3.234190187477162248e-01 4.305321296020442889e-01 7.426188539458639104e-01 3.593794204989790853e-01 -4.011263504838308513e+00
-1.516848916644624734e-01 1.579369695561699816e-01 -1.249906460687884302e-01 5.742117781655328712e-02 -6.550149372718495622e-01 -2.400983873243203170e+00
5.393863111518513165e-01 -1.865190342335943718e+00 -4.646216407014903266e-02 -6.262672161582102381e-01 -1.435293327980200706e+00 9.470322673121149837e-01
1.746456859136429063e-01 -8.893622054623953055e-01 -4.058593205645799618e-01 8.423672520660399066e-01 -1.206584322542870291e+00 -2.151391246104317201e+00
-3.039619578657156151e-01 2.185691433053557897e-01 6.904240998086450531e-01 -1.383139412532123358e-01 -1.115447944947220105e+00 -1.324439317713465680e+00
-9.443482190437833823e-02 9.838057466525839123e-01 -5.924176342607458956e-01 -2.103195969086268047e+00 2.761032814727173434e+00 -4.103202238437789084e+00
4.996688781415946079e-01 1.697918818652123019e+00 -4.560577198096086526e+00 -2.021517433286650789e+00 -1.492007218487490627e+00 -5.639806168253591601e-01
9.002817117023979854e-02 3.440293866230789699e-01 -9.824721098455152513e-01 -1.421196368748169903e+00 7.235289755830438818e-02 -2.397292827311104269e+00
-2.267510709045754691e-01 -8.999233532315326078e-01 1.104277796879473250e+00 -1.186489674690259566e+00 8.684750452878330362e-01 -3.071788257665662325e+00
-9.585602300135601106e-02 -9.670202883382513770e-01 -1.401880216967970050e+00 1.428626491835338630e+00 -2.249415645949351950e-01 -2.403476638182901581e+00
-2.041888264742039993e-01 -2.609358296506956720e-01 -3.747743141675710099e+00 2.865014883181117966e+00 1.014592894522093447e+00 -2.022984735841634407e+00
