-1.085225692196405411e-01
-9.691276749704778037e-01
-2.489798813834187829e-01
-1.339820317055644194e+00
-2.173201487317661523e-03
-7.877860783382421017e-01
1.509052886449807174e+00
-1.106392987241588077e+00
-2.004299256375812188e+00
8.079510698414402170e-02
-1.275287057255601875e+00
-1.448266770030554318e-01
1.324970665504120459e-01
4.238808712483589369e-01
1.501955954998377696e-01
-1.158724369801860332e+00
-4.801693211966376329e-01
4.674120200820615079e-01
-1.551254517637686847e+00
7.480826935543489764e-01
-1.307543377624417635e+00
2.711804237950402596e-01
3.791506151611707259e-02
-1.084128917412249704e+00
-8.831316121764610783e-01
4.463119663037733442e-01
2.448298685945644593e-01
-1.553958825196183335e+00
-5.415483437772974362e-01
-1.542475002976573806e-01
5.710001946385626637e-01
-6.257518228430927199e-01
1.174660372095728683e-01
3.329880248143519683e-01
2.875416138195124316e-01
3.254345704960361768e-02
-1.030263508701687369e+00
1.396936069510014700e-01
-1.608304907779399828e+00
4.550344803393776005e-01
-3.268356049318760781e-01
1.544678238432612982e+00
1.083314512553267550e-01
-2.398070335984652524e-01
3.960603125044125372e-01
-5.927030336041683167e-01
-7.720693098023214684e-01
-2.623971997168553782e-01
-1.938134719317471943e-01
-1.926288756430193649e-01
6.728936897134550899e-01
-1.575489422967025488e-01
4.035019913861857543e-01
4.311885890791562481e-01
-9.676149285571489234e-01
-6.624306000952279172e-02
-1.703840059396678486e-01
1.170392105278483141e+00
6.143402721594021232e-01
-6.489462678051136080e-02
-5.777688815101534869e-01
-3.369456553877026583e-01
-4.722357565112236255e-01
-6.872041403673841142e-02
-2.001882633555844004e-01
7.857002173177733972e-01
-3.733181723262236074e-01
-2.730799401604413479e-01
-7.626527094682316044e-01
7.322322514741285149e-01
2.146940893211113921e-01
-3.409826580954128938e-01
8.125422606577855644e-01
6.046300898881076247e-01
7.536010955077168116e-01
-4.542010113805804439e-01
-8.634436106892404150e-02
4.375796861772665580e-01
-1.020506945322231296e+00
-1.113429493878568544e-01
-8.617735174173150881e-02
-1.290324985573115812e-01
-7.955900192286451400e-01
8.796502237964691773e-01
2.945360192324490978e-01
2.546866612815947839e-01
9.496045384780830989e-02
3.782222757366424659e-01
-9.203844152640296150e-02
-1.955334689378113722e-01
-3.215378878325331757e-01
-4.638343814969127232e-02
-4.095625177624989677e-01
-3.255125768373141604e-01
9.129223813483463568e-01
6.478873587033897596e-01
-5.884808748453412841e-01
1.709982707659766232e-01
4.677674452592719412e-01
-1.407592311600222856e-01
-3.376875283616967427e-01
4.709595991258086478e-01
-6.709189471199651367e-01
-1.268604707682838395e+00
4.164400210606185593e-01
-3.164973073363777090e-01
-9.286651641731347162e-02
4.113120321900241849e-02
-5.504973987538928082e-01
-8.948780933972350776e-03
-7.608395503006761817e-01
8.059551105669386928e-01
-1.581871751169798834e-01
3.139507584547848729e-01
2.902595428804089495e-01
1.054053075186430544e+00
2.892665622263689701e-02
6.812706126844789156e-02
1.458731705631820086e+00
-9.395781835833606488e-01
7.927073867053341383e-02
-1.672712754254762277e-02
5.764635111841077963e-02
1.539010137680821844e-01
-3.265259809207627928e-01
-8.660811220783165565e-01
-1.930794631700590361e-02
-7.057012538774078969e-01
-1.361448376667881544e+00
1.896179994697081650e+00
-1.606812826764262014e-01
1.519739536471789720e-01
8.056989173462218712e-02
-7.033415379888754981e-02
-7.245827790230182641e-01
-4.279513017912470740e-01
5.352811586063169758e-01
3.092762588195341680e-02
-1.037942268210712449e+00
-2.979741387862475110e-01
5.294827581209552436e-01
-4.990267936258020454e-01
-2.601328093038667855e-01
9.410266494098650236e-01
-2.720859596895132682e-01
-4.810673064992634362e-01
5.139219570786321412e-02
-7.346242915072059843e-01
-8.471216809237438472e-01
4.689018277153686465e-01
7.365232865283696806e-02
2.450277729340720467e-01
1.129225898601070172e-01
3.835435630949875496e-01
-1.264176794565458339e-01
-3.886960542964577603e-01
-2.317423630147036340e-01
-1.154370433222083214e+00
1.788782333482925591e-01
-1.477236747112108617e+00
1.155444019335651051e-01
7.117480794217671825e-02
-5.126077527391401656e-01
1.795897384691481635e-01
1.840160144202687420e-01
-8.919328483747885894e-01
-1.857525565710708704e-01
1.043410569839021106e-02
-2.438650531933886090e-01
1.026776029723889039e+00
2.856563379386054674e-02
-5.708026271946541330e-01
3.131930946875244315e-01
-1.449563263327503793e-02
-8.093779051260515667e-01
-6.438220521227145943e-01
-5.160954640884491962e-01
1.875911303989483692e-01
1.182023902335975346e-01
-8.598560980362054407e-01
3.760615193779708876e-01
8.291679920677176296e-01
-3.116915771850479189e-01
-1.094304182599885378e+00
-4.936147488511417047e-01
-1.399024038478634824e-01
5.277455031542753749e-01
3.695873364227658109e-01
3.992663891401852516e-01
-1.413999282216428857e-02
-1.532583443912116095e-01
-1.496775182409153249e-01
-2.190656573095399462e-01
-6.374643584269581997e-02
1.535234658790075313e-01
3.365211698467016760e-02
4.692607293714441963e-01
2.180139424441385476e-01
-1.399119771611817331e+00
-4.250903614250778895e-01
-9.318311940888880374e-01
7.174149641051952297e-02
-1.498248601064157848e-04
1.725700675696519304e-01
-2.271325736930982775e-01
-1.594087111080245145e-01
4.534327160374317378e-01
-3.272391048274059799e-01
3.918182638087375214e-02
-3.364545735480476557e-02
-3.729562474607797662e-01
-6.037277056319528823e-01
-1.217151068583871787e+00
1.367714092584559338e-01
-9.380025508235860510e-02
-2.891817839025102171e-02
-1.361455022068636111e-01
2.475250127533181466e-01
2.181423386988859403e-01
7.812442398687469147e-01
-3.383627030948938574e-01
6.366534557831170504e-01
-2.729575161385367488e-01
2.849239478672999093e-01
-9.871232624904057174e-01
2.463644767679243688e-02
-1.223191273965935633e+00
1.791874126379318921e-01
1.354722484792290904e-01
1.497598582549097002e-01
2.869288720487713218e-01
8.226756916355564275e-01
-8.845527022682495022e-02
2.012967837212710220e-01
-1.387504305539182026e+00
-2.502028136074869735e-01
-5.356391346348620131e-01
6.506528337249678495e-02
6.875487816733725221e-01
4.682452355309275061e-01
-4.360640786644273126e-01
-2.450838719902317386e-01
4.184243770441765098e-01
5.318383224467868597e-01
-1.075121688592183489e+00
-7.118171201478974697e-02
5.653999571050933870e-01
3.543481195400667305e-01
-6.315994004321243693e-01
-1.726919192928796642e-01
-4.116010200452511203e-01
-7.870385873208598504e-01
-1.721231945336521463e+00
8.880666431759969004e-02
-6.668822163256342694e-01
2.143095407475830438e-01
2.832777323629550370e+00
3.582782335027158704e-01
-6.095325019629007635e-01
-3.796951575591686057e-01
-6.658420970570055886e-01
-6.075957601177153222e-01
5.278615620871313086e-01
-1.545515172735658360e-01
-1.001852912140456686e+00
2.534414202942530947e-01
2.978326175964033928e-01
-3.052850634349489889e-01
-1.271618948526423098e+00
-1.039793345943811120e+00
2.301428467913269604e-01
1.722028494539791510e-01
5.620165900590347041e-01
-7.098829560079360224e-02
1.004702167014611014e+00
-4.675900515947603586e-01
6.452616107070877627e-01
-4.531801320375458131e-01
-3.955046607014495869e-02
-5.921277031785088241e-01
-1.753738213281860470e-01
2.139721054812324108e-01
-2.830098062971447836e-01
-1.487922750361579727e+00
1.870960080146359950e-01
-8.104297946942753406e-01
1.367339707226816470e-01
6.119841325278112532e-01
-3.335801681943388886e-01
-9.669397312287569823e-02
-5.370831409787612393e-02
-6.505906180833101460e-02
-1.277158416628515758e-01
-3.575388948095074571e-01
-2.382424900976648219e-01
5.359099243821900949e-01
-7.253527451655321645e-01
7.480036484311655687e-02
3.721891964915912121e-01
-9.098570780019140658e-01
-1.774260361502674466e-01
9.520935146370075319e-01
-3.983098035316709473e-01
-4.971387354034582096e-01
-8.037504970761109035e-01
1.915891472936422368e-01
-2.573850911767898153e-01
3.080449613028897193e-01
-7.598405218784434201e-01
-1.067334596183251438e+00
-6.814759735676423347e-01
1.699499037718215921e-01
-2.215280259837136001e-01
5.106800386684559601e-02
-3.019391062671856751e-01
-3.062252214823557583e-01
3.614374541957086628e-01
5.340870103459725016e-01
2.553453577874026936e-01
3.901123149316130800e-01
1.057985097932665042e+00
-2.314688154940290621e-01
1.375142695242837609e+00
-7.568051155551319686e-01
-2.812877311908106304e-01
8.259804878046090870e-01
-1.284663991636568123e-02
-4.612815165174146553e-02
4.356212318863295074e-01
1.423945537418977725e-01
-3.781539278433759810e-01
1.731734595214690364e-01
-2.583510216504178558e+00
7.801409669450846129e-01
-2.221991894310298976e-01
-3.725978449153198313e-01
-1.993630757300877097e-03
-1.822982316262181435e+00
2.661671048988819566e-01
1.976498393357036532e-01
7.374480298681042045e-01
-1.838853083604455041e-01
-6.578087406242749680e-02
-1.533002798093412222e+00
1.975333000294560437e-01
-4.797606095175013970e-03
2.514192571185193681e-01
-3.775138736717495447e-02
4.195367959742731800e-01
8.500381677959072402e-01
