-1.202114408360179382e-01
-3.733576664067244644e-01
-1.937017758308803295e-01
-6.096565691120708896e-01
1.149114058718013059e-01
-2.310474376730246859e-01
2.181613821376972573e-01
4.050026325669844329e-01
-8.897534113910157139e-01
-2.709012942059203788e-02
-5.963440945890904343e-01
-4.248906848180966644e-01
3.050717862517962620e-01
3.235048853359396848e-01
4.347168622910177471e-02
-7.350246561255839861e-01
1.876336847536893004e-01
-1.523384824764333068e-01
-5.376822829842702323e-01
2.293537003461819657e-01
-5.372476587728407527e-01
4.206059202215816639e-01
4.989371345792482093e-01
-2.318323135272885860e-01
-1.361766104961981694e-01
-1.318152099804164035e-01
3.195255535655800450e-01
-5.690200239515519343e-01
-1.993659648364515813e-01
-2.761026838708636744e-01
-3.015982573813135725e-01
-1.430023130158484534e-01
-7.254113890043119017e-01
-1.449319516084096419e-02
-2.422246408837425702e-01
-1.858984400006450932e-01
-4.379595827165466693e-01
-2.185776709722364319e-01
-4.481177248583676498e-01
2.029148015328438859e-01
-5.219991259980075876e-02
2.798511884613600897e-01
1.208053426748264547e-01
1.901727257221937362e-01
2.065362491264686462e-01
7.650976012330196196e-02
-1.400407301108617941e-01
6.079730558130409281e-03
-3.628316729191736756e-01
4.901990610473588861e-02
5.473455380415340188e-02
-2.006329603721004884e-01
2.800472798983423273e-01
-4.207144279087787070e-02
3.339197751143174742e-02
-1.964852430454017418e-01
-1.132563514505822294e-01
9.533866540930208827e-03
-7.313952165126150207e-02
-4.298695032453088427e-02
-3.059658814468840249e-01
-3.019513216339786976e-01
-1.038478358589971062e+00
-1.298692647051278293e-01
2.564907819254388932e-02
1.068001931561580325e-01
2.019108271100936991e-01
-4.176218915247016938e-01
-4.264565042416183088e-03
-8.008997555041122429e-02
-2.798787988271507765e-01
-6.204119039410768005e-02
2.477196953624153097e-01
-6.951337095635522212e-02
4.470823701453872090e-01
2.690161576061967513e-02
4.452300867487038460e-02
2.339948971718084358e-01
-4.590031251351151531e-01
-2.530789890247086560e-01
1.313096416349570361e-01
-1.378232101544983323e-01
-3.708959476873750077e-02
1.787178970862501326e-01
3.536753200028644462e-01
7.716661994174195405e-02
-8.298038180526036423e-02
-1.114857998199706157e-01
-4.673403806369142571e-02
-1.614943538884423824e-01
4.276744641701801242e-01
-1.221365188639529920e-01
-2.452892121159366556e-01
-1.277963798522987748e-01
4.980625868724586902e-01
2.533598742725244879e-01
-2.776347913943731371e-01
-7.954033113525921239e-02
4.620269281332529260e-02
-1.000440815868529620e-01
-8.070406593732236677e-01
1.376291572879850544e-01
-5.754112106262154920e-03
-9.888050020670613449e-02
-6.626456127968102794e-02
-1.077201141415811553e-01
3.291984943347308623e-01
-9.635069641078954084e-02
-3.614534249360948359e-02
-1.070136554582343802e-01
-2.823178754266200685e-01
-3.679661378561804863e-02
-4.005380966905382895e-02
3.688404281612548963e-01
9.371700414149958247e-02
6.595205868802759275e-01
8.657742102254055439e-02
5.111020533013199696e-01
4.327135151301490512e-01
-4.120224134442844188e-01
-1.831053812250684268e-02
-1.023887481359951057e-01
-4.428068740318922836e-01
-6.781771484272916539e-02
8.021029419572948960e-02
-2.010392883445120960e-01
-1.225851196438936530e-01
-1.821556184659303690e-01
-7.166910762626057529e-01
5.905134130492093458e-01
3.296694619583961927e-01
8.339203688604325537e-02
-2.867157813967776137e-01
9.056411068434651324e-02
-5.134344280560638740e-01
1.418378794340764415e-01
-4.052813771103603441e-02
-2.247466859003426423e-02
-2.638123326997091622e-01
9.127599007775495654e-02
1.838833240395080226e-01
-1.934789197040791553e-01
8.630218400915197485e-02
-5.891713381612454642e-02
-5.674015268666588591e-02
-4.077602705757912283e-01
-2.098261633637335533e-01
-5.150481751079166726e-01
7.505913119162138658e-02
-3.093553086610042469e-01
-2.034437587521518709e-01
-1.763214421511644647e-01
-1.044249975849072948e-02
-1.445892989725263700e-01
-2.159928667925466450e-01
-1.629471173854024346e-01
6.811502074917086258e-02
-5.472386920482547046e-01
3.033892015160852829e-01
-4.657113093351663569e-01
5.663112090873711341e-02
6.886704723881175161e-01
2.218238344470788992e-01
9.491526937514187245e-02
-1.026763941680221143e-01
-3.609348016599532305e-01
1.675277532990840090e-01
1.484549405037909608e-01
1.034783079579845722e-01
2.594356357577883299e-01
1.782317010142357716e-01
-3.849855347950473239e-01
1.235569601491131875e-01
-2.650338864274959239e-01
-2.336200882853648186e-01
-4.001427914510460870e-01
-1.368622239285751004e-02
-1.636392222979641820e-01
-4.234922775129099093e-02
8.195954973635696805e-02
2.320124751912711614e-01
-7.337040867062297189e-02
1.110238860771427666e-01
-2.697035033259670977e-01
-4.101314789984683018e-01
-1.653352549420091799e-01
9.202810984812426209e-02
2.918093699474508806e-01
1.515979048666174778e-01
1.328164556677941532e-01
-2.383724637613418851e-01
-1.387676890278952968e-01
-2.768510036089750215e-01
-1.323997005282373518e-01
4.878813596064492109e-02
3.964662672428813095e-01
6.675116878715771362e-02
-1.486645874176732440e-01
-2.550280010119241880e-01
-2.466363018810287522e-01
-2.815898420494846177e-01
3.711838230495636323e-03
2.424716751339655030e-01
-2.433172212680239921e-01
-5.248127778846686797e-02
-1.127629257650587802e-01
-6.638747690300894622e-01
-6.909807693441817437e-03
-1.426312003847738930e-01
-1.018977217199259627e-01
-3.034382385232435864e-01
-1.674255551243993834e-01
-4.824038363515866790e-01
1.539483059501163265e-01
-1.288788141947714572e-01
9.345791701868783052e-02
-3.740033681849295327e-02
1.215398586359681121e-02
2.219015548734811494e-01
4.392178320983115558e-01
-1.392475248427557932e-01
1.732752042245202240e-01
-1.178893803614453478e-01
1.799588909601166908e-01
-6.637783152851343127e-01
2.473234825554406768e-01
-7.338027761039869201e-01
3.019198197891320157e-01
-3.285739388914876158e-01
2.571418881091500075e-01
-2.673699911262042428e-02
3.337400550071703553e-01
8.194555999220451414e-02
-1.309011343266400507e-01
-3.047556475789989228e-01
-8.629398035507376830e-02
2.267379586285274765e-02
-1.564224836196791146e-02
1.985893662120377379e-01
2.809051070174838904e-01
-4.528485483528976174e-01
1.516597709752430800e-01
-2.806750572770956922e-02
-1.305162710964125061e-01
-2.719850854900477399e-01
1.741698777275631493e-01
3.067585647073239330e-01
5.521490755746726042e-02
-3.054944437962268666e-01
1.176756959255854107e-01
-2.298591470559099570e-01
-7.441226374695782964e-01
-6.742577707035599666e-01
1.958327139474959899e-01
-1.914342023166897833e-01
-5.667345732942459524e-02
8.174371877589033941e-01
3.199233535337140388e-01
-4.731957808242265862e-01
-2.302209356309652954e-01
2.016683915700995255e-02
-7.717189682629972680e-02
-1.312875304512130803e-01
1.470907831503775187e-01
-3.121467155476065347e-01
4.588693437635166794e-01
5.949787248201126449e-02
-1.054816117526034408e-01
-4.865796982436820795e-01
-1.769832757782932864e-01
-1.732146228655117304e-01
-2.299095483834157350e-01
4.017856227165972904e-01
-2.222414279775718482e-01
5.231829222234651161e-02
1.073544955308358972e-01
2.083293815966133222e-01
-2.915325810875267765e-01
-1.476314302640883425e-01
1.811164168296434118e-01
-4.421235999716952719e-02
-9.885893361033884497e-02
-1.297156937876294269e-01
-7.563802219807674865e-01
5.428792348536884416e-02
-3.377577490858907350e-01
1.377568415633755039e-01
-3.755722404796216912e-02
-1.944739598932103131e-01
-3.038763348557114996e-02
-2.570470279365652533e-01
-1.731450679183442476e-01
-3.718300638604363217e-01
-2.210318627064197794e-01
-5.219811389108801603e-01
2.870910173053546344e-01
-1.813771914882283259e-02
1.130872820465814027e-01
2.357275480059916883e-01
-5.114620971233587721e-01
-3.136249757516176850e-01
3.204362893488698627e-01
-4.747191315999663153e-01
-4.302189664987207118e-01
-3.012565087939617081e-01
-8.711805304736594882e-03
-1.779099710989500149e-01
1.984086179629518387e-01
-5.762085078056570220e-01
-6.030910451794446736e-01
-4.565113096687054006e-01
1.300879044298893783e-01
-3.535737345634475393e-01
8.422018387386766280e-02
9.915988556735290393e-02
-2.048240245273555693e-01
-1.229593768389151409e-01
1.360298792620511787e-01
1.969611094387055394e-01
3.780471063890575301e-01
5.017563293232918387e-01
4.696970007341243203e-02
1.695518661923216541e-01
-4.974969356586069757e-01
-5.400430397795101534e-02
3.584640669011366493e-02
1.105469623025082115e-01
-1.377743098052833792e-01
2.310378139258607855e-01
2.541860561891674530e-01
-1.641126682555821836e-01
-4.492587765259074828e-02
-4.655417877348986266e-01
2.059259798203474934e-01
-3.081967066204834294e-01
-2.841760546452415936e-01
1.200882531626789153e-03
-6.547149150196378553e-01
-3.047223899898512944e-01
-2.413825409049640824e-01
-8.533407615904189947e-02
1.942695837222489230e-01
-4.770239742963401919e-01
-2.637806723764578032e-01
1.958820230861990086e-01
-9.897981780507843219e-02
7.825410245315593538e-02
9.305343847981251137e-02
-8.043098901351770913e-02
3.851236979130198135e-01
