-3.743577692892665620e-01
2.904088649429449609e-02
3.266635025157868522e-01
-7.284518082825186536e-01
-4.411090339324980625e-01
-2.079131335243772638e-01
-4.501770660541610791e-01
-2.935352444189149868e-01
1.753019450011902014e-01
-4.303656840128779471e-01
-5.529705126899734369e-01
-3.363893747021632352e-01
-5.848807407952121284e-01
-2.682005629070274288e-01
-1.415431099289551076e-01
-1.232038448674952630e-01
-6.049141383097048630e-01
-5.713737136189437488e-02
-4.169177385356785392e-01
5.993187011427366651e-01
4.157737756007102159e-01
3.745025673286956902e-01
2.183346903969525243e-01
-2.178982688096272879e-01
-5.231454535369868264e-01
-2.763886355723850219e-01
-3.836718812528779887e-01
2.679802177243039152e-01
-9.185968348162247554e-02
-1.300682343933814711e-01
4.483533765681929628e-02
-7.203437038604690312e-02
-6.121873135476205707e-01
-2.945938407153463889e-01
-3.782209434976859241e-01
-3.046848055448195085e-03
1.749633230401330952e-01
1.711960221525505588e-01
-3.101284876212038674e-02
9.898420150139211615e-02
-2.085757399456345251e-01
-2.193979427541479232e-01
2.807541751171901412e-01
-1.969234255004978507e-01
1.692140134467449986e-01
-4.446658304673721251e-01
2.137643225540294123e-01
-5.881310375416687330e-01
-2.100018148820765873e-01
-3.728993363682999163e-01
4.758684258575785614e-02
4.105245141602598680e-01
7.215779225582263923e-02
-6.352628264471239794e-02
-7.814149653964995723e-01
-2.753558744253103430e-01
7.908163611783741720e-02
-6.174984761890812690e-01
-5.444091680030146430e-01
-1.570496763062037004e-01
1.045685387398152290e-02
1.395721672845910439e-03
-5.087858044695980908e-01
-2.950100012558333762e-01
-1.907262492460382042e-01
-4.857709722394508156e-01
-7.396341581622840888e-02
-4.207863872608564315e-01
-2.870753228326856643e-01
-5.423705307163999567e-01
-1.516583484633712564e-01
-2.914204334194969159e-01
7.170857144133323258e-02
2.182437879934427949e-01
-6.097685264920350567e-01
3.131055989369681547e-01
-4.736830824205188195e-01
-1.930014444485065317e-01
-3.795574447837491983e-01
-1.536790732541018223e-01
-4.138357554388151227e-01
3.718655246013721077e-02
-4.275318486263740558e-01
-2.008232121930014491e-01
-3.673067771668728776e-01
-1.175994071888189912e-01
7.483243419876258740e-01
-5.873315006819063155e-01
3.485808289015059902e-01
-4.295362066828337100e-01
2.778121162726078786e-01
-6.070101222256539808e-01
-1.696122891801145061e-01
1.871489129697866405e-01
-1.977629418476107015e-01
-3.789558914675041079e-02
-2.405556525169768884e-03
-1.113209588042270992e-01
-1.354447743543711891e-01
-1.075762883218118748e-01
2.662952196632709656e-01
-8.044892383557805671e-01
-1.740763864728560317e-01
-4.188690398530219294e-01
-3.760190018548520974e-01
-2.691707591737710903e-01
-4.224041101272521526e-01
-6.547226981270970469e-02
-3.361690417727111052e-02
-2.637920197116382370e-01
-4.356690781638805077e-01
-2.255835481589798033e-02
9.804164525137183672e-02
2.733972866371053856e-01
-6.742617427863687452e-01
-4.419872805216270018e-01
-6.939124702921776189e-01
-1.545037413495571887e-01
-4.195446001068028896e-01
-5.191900362747124964e-01
-4.656349407925577250e-02
-2.652060917394978845e-01
-4.775316517676783667e-02
-1.408341785796328738e-01
-5.503256388798265508e-01
-1.142635268828246092e-01
-2.673802027968052997e-01
-2.965497863041448579e-01
-4.079484164224996857e-03
-3.767073280290362258e-01
6.971016207934360720e-02
-3.437491225861838418e-01
-4.884438231791083385e-01
2.418856316728318079e-01
1.123939895492460928e-01
-6.100452450557342088e-01
-3.926910126104273813e-01
-4.731206527567168862e-01
-5.765539079247574694e-01
-3.097773369117030606e-01
-8.580734513915702633e-02
1.043692810051428249e-01
-3.221675035284832789e-01
-1.881699377049554922e-01
1.440455722584596254e-01
-2.715935401265072158e-01
-1.720815974098518497e-01
-2.785937523064612731e-01
-1.196022631214597870e-01
-3.532485228350212836e-01
