-5.128167110351895541e-01
-3.139310321074630372e-01
3.957292750050046826e-02
1.108695406961626717e-01
8.720365519470596460e-01
-4.752482187556009152e-01
-3.282475556986654275e-01
-4.268810613800569365e-01
-5.420380542840529392e-01
-2.382080425515910593e-01
-6.563418809264734421e-02
-8.872717019758223633e-02
-1.270958938212192191e+00
6.098077739491396948e-02
7.256726690896231347e-01
-8.832682480513993628e-01
8.911537902885184881e-01
-5.314150878360934804e-01
-2.471648290331502074e-01
-5.920647213244982776e-01
-1.885705988800440991e-01
-3.517776530776423050e-01
2.580626237238701215e-01
-4.102559963916050378e-01
2.305575968110605278e-01
-4.317979022614426010e-01
-5.815013730047448037e-01
-1.664257185306706743e-01
-1.409985684460479893e+00
-5.035938645185126239e-01
-3.285106262485964490e-01
-8.119384460989219621e-01
9.283745656519738487e-01
-1.166763257654535035e-01
4.329891754868483433e-01
-4.708671325467588820e-01
-1.752464116977060726e+00
-4.293907254486867275e-01
-1.001813897581510071e+00
-1.478380008788522160e+00
3.162277684292001956e-01
-1.849983972067302807e-01
-1.958475399810678252e-01
-2.539286909153598559e-01
-3.075413455283613207e-01
-2.036879511034619117e-01
-4.874262035078277822e-01
-2.535044064351206772e-01
-6.417936985851409037e-01
2.237610744005975524e-02
-1.087466902185443063e+00
1.021635724819394825e-01
-3.561096884455566269e-01
1.112905551732331078e-01
9.826419395578025462e-01
-7.775512739712701071e-01
9.118003286707915267e-02
9.877656232480621634e-01
-4.867803268696918595e-01
8.487893140237627587e-02
-9.431761934884587417e-02
-7.728518457766735406e-01
-9.237896048152770545e-01
-1.554154570867031904e+00
2.274762495489003888e-01
9.969599407670340918e-01
3.687769852597893583e-01
4.763165282062589712e-01
-2.276512813299002846e-01
4.882917404180015658e-02
-3.447158242847248588e-01
-1.148705085669470716e+00
-2.468840555764139910e-01
-4.405075062684711829e-01
3.420652592482003040e-01
-1.111922528562188373e-01
6.360233200153225797e-01
-9.301380687415370385e-01
6.293723173614740318e-01
3.994940616831725300e-01
-2.473049281973919156e-01
-1.111802963957326668e-01
-1.366244408873769967e+00
-7.559593896413950853e-01
-1.557650232392202017e-01
1.095353027480976127e-01
-1.017171794887043346e+00
6.621792589297249565e-01
4.750725223014172494e-02
7.301643218464951568e-01
-3.026952827876475682e-01
-6.471429327259275999e-02
-2.555397468603934352e-01
-4.387098507811918457e-01
-1.003898952760316210e-01
-5.142920088780880139e-01
-1.459319897486127449e+00
-3.822822024771740379e-01
-1.153581921252108955e-01
-3.842054466384877687e-01
-2.424483274289109674e-02
-1.260877708131188657e-01
-5.414019259065069312e-01
-2.025338180625743667e-01
-1.196306663512128443e+00
5.439354169999011113e-01
-1.759203407573899092e-01
-9.803775197197304170e-01
-1.361238267042909511e+00
2.292966806849261185e-01
-1.774030440650273821e+00
-2.909187679765558032e-01
-4.782679796843246067e-01
-2.816544200822628241e-01
-2.097295012329197517e-01
4.161284726105419773e-01
9.234937116749766806e-02
-6.636409702821245427e-01
1.596250953672825879e-01
-2.344770975107781208e+00
-5.923721225684580594e-01
-8.310069844573498843e-01
-1.716921476297639026e+00
2.319926294796271771e-01
2.406167891076181273e-02
-1.212522002287610423e+00
-3.570032668598681624e-01
9.215703723307400175e-01
-1.286144189621485634e-01
-9.608406857256630573e-01
8.565919275647364273e-02
-3.786825654359088911e-01
8.184554773525815063e-01
5.911893977190170180e-01
8.256646586967759660e-01
-2.522001707727244968e-01
-2.204774446345816874e-01
8.815405495312083062e-01
3.555262932153328004e-01
-5.163123081994993591e-01
-9.874956151676603233e-02
3.891291346377200311e-01
1.611713930329938538e-01
-4.678158792937453514e-01
-2.572633365971533914e-01
6.936749701993730755e-01
2.597605511272005341e-02
-1.608576661197880786e-01
-1.083020527103534074e-02
-3.449656187898584303e-01
