-7.151064361036869876e-02
2.576903708343297739e-01
1.242949942612692205e-02
-2.935188297920166001e-01
-2.857128449834626105e-01
5.336095815310051144e-02
-1.317675568202188174e-01
-4.110232709662296063e-02
9.358625483424999614e-02
-8.251720327022260548e-02
-2.901580104887003797e-01
-5.518286872469510551e-03
-2.539904201232243697e-01
-1.031669825482697984e-02
4.571950941862900492e-02
1.853845687531490982e-01
-3.028352605288435750e-01
1.451845829264959420e-01
-1.914636294448823217e-01
1.934846675591097853e-01
9.338515993536877779e-02
8.741196645307276747e-02
1.190782482945400012e-01
6.459064681947894460e-02
-1.947440106859661402e-01
-3.922741355383126821e-02
-8.481021932298363208e-02
3.651382291769101895e-01
1.101455627882800131e-01
2.686765126962028377e-03
1.495420050051774960e-02
9.911198142726804217e-02
-2.551507410793615316e-01
-4.862531507164928601e-02
-2.276390760631039345e-01
2.104382913675796607e-01
-1.324542748774487355e-01
1.449921927135655597e-02
2.644106028466621239e-01
1.557377000670121248e-01
-1.862222830203514035e-01
2.210660231595054925e-01
4.776205469180344609e-02
2.182502415216789060e-01
-1.395607685485536209e-01
-1.479801031585000481e-01
4.554158293502439392e-01
1.162665344304913279e-02
1.676954754638356471e-01
1.074763771104312107e-02
2.415379171155499216e-01
-1.774476265889338988e-01
3.583078081536706372e-01
-1.280504037342491963e-01
-4.562203412778833012e-01
-1.895947548935953686e-01
2.803969353930492736e-01
-4.606552872595947590e-01
-2.417215584103403203e-01
1.006375541205951074e-01
-8.784420383631041940e-02
2.504822938836070434e-01
-8.210438518445592471e-02
-4.682350779572240218e-01
-2.086475751043058435e-01
-1.665030265685832622e-01
-2.340130042842298308e-01
-2.028573958034874947e-01
-3.092568913470641889e-01
-2.015698752317607867e-01
3.691790471460908163e-02
-6.321091373177874229e-02
3.191413594701320577e-01
-1.281292180201405381e-02
-3.657768500502666109e-01
1.273430906926183714e-01
-1.658675288232643874e-01
1.265904477623560342e-01
-1.250849677065343224e-01
-2.028609165678623982e-01
-2.898098061355496718e-02
5.441086609683046249e-02
-1.774928968485477154e-01
2.123800383141216663e-01
-6.112330224521333403e-04
4.664522974869213939e-02
3.351521058050038748e-01
-4.173846682691716437e-01
2.016963285114015680e-01
-2.174806223726741539e-01
2.415884940623664878e-01
-2.225922792451386356e-01
3.751153706079587979e-02
2.925758924551847273e-01
1.430962114579981403e-01
1.476478647880317407e-01
8.575599365718195033e-02
-4.761153938547682540e-02
-5.501846417503451769e-02
1.413611271951999704e-01
-2.912579475466298140e-02
-3.260562137775435132e-01
2.570415109954440336e-01
-4.942816096681367649e-02
2.185985523905079053e-02
-5.807048423634075113e-02
3.368464961792359130e-02
2.347483577503275964e-01
1.175808686418360893e-01
-3.509288572934302630e-01
-5.278437351131312072e-01
1.921381901230319877e-01
3.163790648776983461e-01
-2.479281339270885537e-02
-4.224755576555999648e-01
-2.535134536002547345e-01
-3.367123781816838135e-01
9.375450240010993475e-02
-1.862636690817556229e-01
-7.263171992433922197e-01
1.611975606783607184e-01
4.658027305049922129e-02
2.102397073619895751e-01
-2.618504380916557017e-01
-3.195398303640126225e-01
3.254367931908260791e-01
-5.555733830994415839e-02
-1.709025917027172659e-01
2.384799345996974351e-01
-6.857718224324510850e-03
4.202243475585392130e-01
-6.183237421159720054e-02
-3.525232402903172302e-01
2.395584278843460729e-02
-1.380383700743826603e-01
-2.191199758010313747e-01
-5.620333035197513927e-02
-2.325064963393556616e-01
-3.284682906533917257e-01
7.407336277509604661e-02
1.671180033554807431e-01
1.333582567003626373e-01
-1.692332068061007944e-01
5.130485379443569527e-02
-1.094467742161960161e-01
-1.971976899418404969e-02
6.270432906531712980e-02
-2.116247820502380195e-02
1.551903626451186513e-01
-2.024598077392584794e-01
