-3.911622705995866922e-01
-4.548050565757034147e-01
-4.971067088986191318e-01
-5.331190194371677737e-01
-3.226644490356219142e-01
-5.294073947683011205e-01
-3.230904149186417662e-01
-3.433499438451242392e-01
-3.157230498551896192e-01
-4.240701094038475949e-01
-3.085471393555218600e-01
-5.110439788589633547e-01
-3.624756437808937526e-01
-3.954187592868280143e-01
-4.225030331878773526e-01
-5.079964066304453185e-01
-3.367623439692122855e-01
-3.305946176751869969e-01
-5.387536988072976207e-01
-3.066386832869553714e-01
-3.261805110973687860e-01
-3.457697003146067982e-01
-5.143944531402263598e-01
-3.139433379240377797e-01
-5.005977467731935748e-01
-4.250416320039140383e-01
-3.198851736444229821e-01
-4.454067880887397912e-01
-5.122131026180822833e-01
-3.710967351012899318e-01
-5.442707611285672042e-01
-4.886131230668531722e-01
-5.358130326486082451e-01
-4.797126562961772089e-01
-4.880618008795220564e-01
-3.138548466635546208e-01
-3.329514497570125742e-01
-5.113664989904900260e-01
-4.835960942556196684e-01
-3.992939645921972369e-01
-3.205134111881746684e-01
-3.512404094979590385e-01
-3.262843553311297606e-01
-3.802937209399574470e-01
-5.290564151479638655e-01
-4.712706142655003205e-01
-3.235952096945723944e-01
-3.211080280651636976e-01
-4.984426018665477631e-01
-5.271185759646673796e-01
-4.571217975470791006e-01
-4.071179418995828359e-01
-3.264684141415626906e-01
-3.287567672003773867e-01
-3.342396885671214957e-01
-3.369110471579123689e-01
-3.136984940218179307e-01
-5.021346035189395707e-01
-5.461011279004884811e-01
-4.200370487280640219e-01
-3.055249610795450765e-01
-3.372187002112380649e-01
-3.139673167611385929e-01
-4.121093256888293532e-01
-3.187321999822725904e-01
-3.100878727335435459e-01
-3.130650149036233731e-01
-4.085322699911037581e-01
-2.822865942505232706e-01
-3.039057249360717083e-01
-2.705364518814210029e-01
-4.803368801082063544e-01
-4.876321008155732883e-01
-2.974821803080756055e-01
-3.446486436999822156e-01
-3.098088238330512501e-01
-5.063793236686694454e-01
-4.208994040875875808e-01
-4.304507831548545216e-01
-3.134428906564863948e-01
-5.255317182175963664e-01
-5.066250373347475078e-01
-5.076271567829904185e-01
-5.201162465378188493e-01
-3.121005985221759205e-01
-3.408269404847398265e-01
-4.112011715615180307e-01
-3.518212334704276523e-01
-4.822417415154903186e-01
-4.074281137214835202e-01
-4.642425859967924118e-01
-3.099333770417659339e-01
-3.768697348425277260e-01
-4.733107413468886637e-01
-4.685739511455898065e-01
-2.163805928814120094e-01
-3.300926425382926799e-01
-4.542202585142200988e-01
-5.613677538289503222e-01
-5.843193515670496163e-01
-1.474765250871600819e-01
-3.475601178288539872e-01
-1.715687105675238189e-01
-2.451354839931525753e-01
-3.383757989245350650e-01
-3.969987447124503355e-01
-3.103501589769170899e-01
-3.168416830885347202e-01
-4.638586461647451475e-01
-5.292918380400924994e-01
-2.980376273444865776e-01
-4.518135436553440965e-01
-3.666985855766271007e-01
-5.242568695350101615e-01
-3.652079595542026547e-01
-3.557589849175440966e-01
-4.072791749185537546e-01
-4.232198973931169395e-01
-3.042909960409629355e-01
-4.980550842065299966e-01
-3.776442122879808960e-01
-2.444590671007346172e-01
-2.295391028645940301e-01
-1.761990953204750632e-01
-3.584866440318066338e-01
-5.547914995712932562e-01
-3.130908278027192404e-01
-2.794471800701991970e-01
-3.359074599884737666e-01
-3.826177709729140508e-01
-2.549031475242004019e-01
-2.154141204080235461e-01
9.278765987130427328e-03
-3.945935926084554457e-01
-3.859106989702941748e-01
-4.805509960764749455e-01
-4.105884348147507135e-01
-3.245198100746697345e-01
-5.155269191392544137e-01
-3.586548484022388794e-01
-5.194063211122625923e-01
-5.138050144886777693e-01
-4.441270500537350951e-01
-4.158663099669243080e-01
-4.804927192346282738e-01
-2.534116761848216326e-01
-2.980166684051066550e-01
-3.769218977773444168e-01
7.230380670376848617e-02
7.883184053853083129e-02
1.112881461400141853e-01
-2.652128489024925539e-02
-7.215816920730599993e-02
-2.805140000619255405e-02
1.964168218392401549e-02
5.230973079710707352e-02
-1.131009540864670419e-02
2.464002555131610678e-02
1.394434139079047952e-01
1.595077132925749042e-01
7.696156105568364991e-02
-4.285203491893964378e-02
1.587166256904253836e-01
-4.140413120651312284e-01
-2.971734688032550697e-01
-4.294138202711262897e-01
-4.680506134906134985e-01
-3.266647082459354090e-01
-4.603232740426064229e-01
-3.301908309355275351e-01
-5.136700751584576397e-01
-3.799976484508943431e-01
-3.727981645699532942e-01
-3.468233514693724318e-01
-3.314212971867023239e-01
1.504918516502595505e-01
2.312126738803593207e-01
2.483501436114908811e-01
1.635638788352600792e-01
8.306734578952770787e-02
1.479706849124898249e-02
7.770008048405538381e-02
-1.417288179110133138e-04
-8.416255330541005247e-03
-2.888491368053908853e-02
-2.045203265253235994e-02
-4.940914369579927495e-02
5.946837511856566116e-02
1.468422375411672087e-01
1.155001356798325135e-01
8.446410176528484914e-02
-1.530940566177945439e-01
-3.955382338583619539e-01
-4.723244737689961670e-01
-3.878922824103288591e-01
-4.814496123330019861e-01
-3.118917444411543061e-01
-3.404156454613196936e-01
-4.253621327583493872e-01
-3.975378623563554648e-01
-2.615008028370582327e-01
-3.796411937436848794e-01
5.840694774654636712e-02
3.290645915184041703e-01
2.929343536184404462e-01
2.086117676170146928e-01
1.808560286482116530e-02
-6.480991359110796490e-02
-2.118404312811841134e-02
8.740727076422719066e-02
1.178029356267146915e-01
1.670532441187118355e-01
1.207678678759404323e-01
1.337014436870629860e-02
-8.166780834602034578e-02
-1.542889755772887672e-01
-6.779493799860104863e-02
1.371384499008898861e-01
2.028740772468894671e-01
-1.576703604312243434e-01
-4.177312866431632798e-01
-5.073209488154801772e-01
-4.659624774502353906e-01
-5.370703046951991189e-01
-4.359545071121173621e-01
-3.555672588157107739e-01
-3.862210261375642606e-01
-4.043153931382163502e-01
-3.123201029314644495e-01
-4.062452841520979296e-01
3.219378310685436229e-01
3.293302460973838164e-01
3.057406604422663321e-01
9.295664650697085807e-02
-7.609025276629108325e-02
-8.073040161527703096e-02
7.657558531044561523e-02
1.528740197323120442e-01
2.366786559280289470e-01
3.414584707873602465e-01
4.346183454116019917e-01
3.554642995163652675e-01
8.136578581749620565e-02
-2.235547328865384320e-01
-1.779692545475276000e-01
1.355821021691094308e-01
2.619897283465916216e-01
2.227138334536758052e-02
-2.291725137487230501e-01
-3.212266174469900482e-01
-5.259332112147389049e-01
-3.882369243162001049e-01
-3.184685301824873305e-01
-3.383340473208725219e-01
-3.098624349952005530e-01
-4.870438066506729835e-01
-2.510364785039826407e-01
-2.076445897499967254e-03
3.283364613093257556e-01
3.110654163246746595e-01
2.619974905178394931e-01
-2.799680966337344049e-02
-1.150635750639077137e-01
-3.737969131005131063e-02
5.905120791572329025e-02
1.699915716621874517e-01
4.060555410045902369e-01
5.840761321281218166e-01
5.980917226079219828e-01
5.266036037052833629e-01
2.761879274199223744e-01
-1.221053117760707296e-01
-1.792686352575851572e-01
1.515863485190749871e-01
3.095488891341632853e-01
1.449956837040043689e-01
-3.410978328423073802e-01
-2.896099079661799136e-01
-3.226685992398404257e-01
-3.351425553389822398e-01
-3.604137258675091382e-01
-5.590992130076997135e-01
-4.454810375654567056e-01
-3.058364892195898910e-01
-4.139596593570982752e-01
-3.554237497214554620e-01
3.604080481669886260e-01
2.897088051821518628e-01
6.472706705321518150e-02
-1.592704323947030376e-01
-1.455964634301692429e-01
-2.809985648175942000e-02
4.216183196091898705e-02
2.038674276030127408e-01
4.323528644404502352e-01
6.200982283694761454e-01
5.771530007610545798e-01
5.203507762467650677e-01
2.484374138721353320e-01
-1.759914812676026952e-01
-2.022958781579566601e-01
1.309827140268988444e-01
3.164849427553560468e-01
4.615035567564892971e-01
-3.674452252189908119e-01
-4.963482140741400928e-01
-4.618529552354343481e-01
-4.573302353419145816e-01
-3.556016271553533725e-01
-4.732409667792060182e-01
-5.119121540523337011e-01
-4.072546532941088704e-01
-2.226137645947406651e-01
3.149258181608256824e-02
4.235586231411288538e-01
2.292561727767142565e-01
6.719155147308880464e-04
-2.277823960237426448e-01
-9.606115409206369971e-02
3.437292290843021320e-02
8.275541077037767979e-02
2.337922577491194642e-01
4.055529289117490999e-01
5.816736306955242464e-01
4.947925309458462984e-01
3.116985624322473614e-01
5.064452295450239117e-02
-1.972409675034602905e-01
-1.300540602679093327e-01
8.397988756439531133e-03
4.410264690436477841e-01
2.246187232508241594e-01
-4.121015243438266862e-01
-3.226594964827965151e-01
-3.332157816140765560e-01
-4.999893609477923384e-01
-3.106379677732077904e-01
-4.647233609128568199e-01
-3.851054906076357143e-01
-4.519162736113150891e-01
-4.693960468253777774e-01
2.931566656046370456e-01
3.908296067480024338e-01
1.684031262287057351e-01
-5.508643723501052691e-02
-1.426707322126899435e-01
1.316753286808003062e-02
1.150163943759275054e-01
1.941669255867080335e-01
3.431767548179727734e-01
5.332510068707577711e-01
5.299428430840533721e-01
3.001999527373732102e-01
1.111802094160406207e-01
-3.376382776000271674e-02
-1.641088114985146396e-01
-4.503934197306769943e-02
5.626309985243249656e-02
4.106944441439369653e-01
2.730073270470809166e-01
-4.880118717710000414e-02
-4.667839113674719376e-01
-4.147544353313944443e-01
-3.073162202423968536e-01
-3.352733425863013150e-01
-3.545123921508791520e-01
-4.985716201838357176e-01
-3.158302937486309192e-01
-2.403435779987639631e-01
2.064461238002661958e-01
3.285077594910488230e-01
1.382683198176525019e-01
-2.110992658179626502e-02
-6.044996828331471173e-02
2.041718647728928832e-02
1.201580323643394732e-01
1.623363966526142899e-01
3.917069978104174011e-01
4.552982296484595071e-01
3.753200397347725703e-01
2.330528544112733247e-01
5.451033993843767966e-02
-8.144301927833294541e-02
-1.853945324163984720e-01
-6.796907180163425446e-03
2.061818629328443508e-01
3.958905177824889599e-01
4.395071490462642561e-01
-2.698081324816235457e-02
-4.435162135822917628e-01
-3.435370244489508451e-01
-4.332293206877910752e-01
-3.174484576350298237e-01
-4.536296279641909290e-01
-3.576626888384079050e-01
-3.932929693316759012e-01
-2.296677790754234061e-01
1.664592960617116979e-01
3.320505126276918628e-01
2.140261244231009552e-01
-2.217001205781054043e-02
-7.196668961345359383e-02
-2.386313598556432866e-02
-1.614933910824075530e-02
1.005961504931753708e-01
3.205447851036274942e-01
4.564417662749570281e-01
3.091461749105334778e-01
1.334285672721221006e-01
-3.793856709265142069e-02
-1.373816526689473905e-01
-1.754536107630183805e-01
-7.522023957648203696e-02
1.191287146603286357e-01
4.193911549923984294e-01
4.995684596594005544e-01
-5.699435073835384946e-03
-3.098425517221468639e-01
-3.290017981211200149e-01
-3.094825332080294866e-01
-4.848135275367476682e-01
-5.036709923418484225e-01
-4.786769628913758456e-01
-4.873502807584659813e-01
-6.130851421734211798e-02
1.476351593196195966e-01
4.511500939721273529e-01
3.078619046168326601e-01
3.007331843770792018e-02
-1.511214636054057092e-01
-1.091751791429494828e-01
-3.682252820334937227e-02
1.396813867873853698e-01
3.710892244099156523e-01
4.660676798226247586e-01
3.300245233064028061e-01
1.418403274033654682e-01
-4.192877450775182174e-03
-9.750892745993015864e-02
-2.238799952007001215e-01
-1.027668052654794745e-01
3.543062031583380476e-03
3.502764643742443118e-01
3.850702613472470892e-01
1.391574313429397580e-01
-4.226904641463009593e-01
-2.986848459962579971e-01
-3.216496293262232076e-01
-5.124347451533370901e-01
-5.024447487010604840e-01
-3.277515046207304938e-01
-4.654890412609070105e-01
-4.214127827860029707e-01
2.289543996785219637e-01
3.315049612189537864e-01
2.383716061251439366e-01
-9.627118234656905499e-03
-1.197507613958715411e-01
-3.409653813109522064e-02
1.277404194779850899e-01
3.192016789932663468e-01
4.404678327000458582e-01
4.266015196515600683e-01
2.773886925435639084e-01
1.716023513530936240e-01
1.071908401739346123e-01
-1.258292055400540843e-01
-2.681182299430882598e-01
-1.864242694700526393e-01
-3.970393921622564215e-02
3.046664296910706615e-01
5.596061589543160908e-01
5.100109719401734604e-02
-3.551310074681574558e-01
-4.719458032840737061e-01
-4.581566425254109398e-01
-3.396847206992711365e-01
-3.587940766572711992e-01
-4.433767920755878333e-01
-3.736329149363477597e-01
-6.537995225355591744e-02
3.090010649306993429e-01
3.493124042859744316e-01
1.633038488146822120e-01
-4.152248735656324796e-02
-5.222816885172471696e-02
6.749729488254180287e-02
2.973486069217149419e-01
4.430556490516081025e-01
4.941850995377136679e-01
3.989978722019031365e-01
3.240664764506540618e-01
2.564929950369707612e-01
8.856799055840974821e-02
-1.816556044769832845e-01
-2.853694536957774308e-01
-2.235515461909146073e-01
4.912363368131336672e-02
3.714313774590581319e-01
3.437428423123776722e-01
-1.536225592885294144e-01
-3.032206985587058146e-01
-4.422316832389236452e-01
-3.214132085608087386e-01
-5.073485995998844311e-01
-5.162124131923108150e-01
-3.102255408723655350e-01
-4.414251377121985453e-01
-3.823893495073469873e-01
2.377435262421808693e-01
2.733189521284496992e-01
2.594999897954259824e-02
-1.172727656193869872e-01
-4.799221146968953716e-02
1.451698202704010954e-01
2.797948206051267261e-01
3.504548836691314118e-01
4.624332898527391822e-01
4.049960614003981219e-01
3.107542888066356368e-01
1.288777591853752236e-01
-8.660950375663793721e-02
-2.348377732125433437e-01
-2.101779833050242130e-01
-9.764280055129553881e-02
1.254066509865466861e-01
4.358043326239788295e-01
4.888517607182910618e-01
-6.458556875569995692e-02
-5.031253113351163986e-01
-3.284182052059338996e-01
-3.045896052613609739e-01
-4.659595574631991699e-01
-4.859624255411906235e-01
-3.256935091006041283e-01
-4.045858460655765709e-01
-1.024907647952466860e-01
2.770532681249238127e-01
2.299085032343105295e-01
-3.190118132733850420e-02
-1.798905032063363441e-01
-1.093157900965706641e-01
1.044863862293999718e-01
2.151770493533705919e-01
2.947882871515477010e-01
4.164322781483914548e-01
3.930222962801188102e-01
2.092750004865414071e-01
4.364862247992103844e-02
-1.120989587710717744e-01
-2.102992590460354971e-01
-1.694477851521036249e-01
2.905019719073552442e-02
2.298154749946873798e-01
3.238850290725375780e-01
1.525717425926141624e-01
-5.099437582630269583e-01
-2.911483797996627931e-01
-4.805224340537931349e-01
-4.026594506723775169e-01
-3.297628517032970552e-01
-4.002591993884738186e-01
-5.093974130325894523e-01
-5.085481628759472850e-01
-2.754919802904051002e-02
3.220243499666004539e-01
2.674137671849545761e-01
-8.497350671216770401e-04
-2.081734708384503640e-01
-2.403212004785232336e-01
-1.422736059428459099e-01
5.803704712683927652e-02
1.926184388044342166e-01
3.521449159567326959e-01
2.939699640287824489e-01
1.528521949660390233e-01
-6.873635961714280596e-03
-7.012319924294360685e-02
-4.100984646020031793e-02
7.492003395096964724e-02
2.320794160224466662e-01
4.277824001209041826e-01
2.003304504999752489e-01
-2.708031255106427976e-02
-3.234629041240257297e-01
-3.937687988547590723e-01
-4.958511836754624369e-01
-3.437189140384632191e-01
-4.313843653221999253e-01
-3.419433483336665747e-01
-5.547828434239320261e-01
-2.954813390696027220e-01
-3.287558525260560888e-02
1.789126605322742536e-01
1.905170925110249991e-01
1.485893342105684967e-01
-1.421994096154458598e-01
-2.962459081792430116e-01
-2.834937910928179150e-01
-8.604681424955494540e-02
1.199765529953834425e-01
2.645918282892893436e-01
2.117843103080319367e-01
7.505738970217958050e-02
5.252462470621318408e-02
1.346815598703152705e-01
1.773389368360447360e-01
2.343264771695522386e-01
3.717935733374614915e-01
2.879167944613058028e-01
8.713061008325798107e-02
-3.440825315416599084e-01
-2.867628235313345875e-01
-5.585890399508502968e-01
-3.314869255470837550e-01
-4.993039644267440180e-01
-4.869833563383712538e-01
-4.880211119057306646e-01
-4.123266504024639123e-01
-5.004157336546430912e-01
-4.625926051863278876e-01
-2.128316707555761855e-01
1.985029558276730222e-01
1.027988529681332919e-01
1.310310930937357010e-02
-1.327797436205215287e-01
-1.636064057458933574e-01
-1.007905306583142535e-01
5.166090690384027295e-02
1.701920100520050161e-01
1.135394064517867008e-01
1.701039350791212212e-01
2.297888045216683606e-01
3.192931611021824212e-01
2.637319153565115815e-01
2.164534951736040436e-01
2.095224629783547232e-01
-2.844322178991655625e-01
-3.114480107667778053e-01
-3.906631750568239081e-01
-3.108315141191794750e-01
-3.920934814533607038e-01
-4.538326236417291604e-01
-3.386786192229370163e-01
-5.475090407673653958e-01
-3.822042277569241420e-01
-5.289109521856105722e-01
-4.332701661447013741e-01
-4.332424799658879389e-01
-3.986898486596223701e-01
1.321190223107762407e-01
-7.253552702837778865e-02
-8.541373871705601473e-02
-1.659829557484532314e-02
4.959167006681003409e-02
4.526496687940839703e-02
7.575261124947277325e-02
5.620862960441379980e-02
1.079460954750092322e-01
1.822620956637546474e-01
2.593215904869143884e-01
2.271978673073739123e-03
1.041876510340012524e-01
1.603938155390344511e-01
-1.647776403083449914e-01
-3.911332493415681233e-01
-2.620172444336726358e-01
-3.188403740939563802e-01
-4.935331256877926731e-01
-3.064122591147552255e-01
-3.871726473695899506e-01
-3.970364433246285074e-01
-3.789212094216981574e-01
-4.267726208086159434e-01
-3.133121265206742501e-01
-3.371564238760190735e-01
-4.344979317635691007e-01
-5.247202151095700096e-01
-4.444843670101084609e-01
-2.887005042789286824e-01
-2.938466883490692405e-01
-4.574050466080105681e-01
-3.559305278123028327e-01
-2.148424412763042246e-01
-2.048131026436523505e-01
-2.304676534381180086e-01
-2.104270059581021535e-01
-5.156133387768229159e-01
-1.761826532594468475e-01
-1.163305828916648965e-01
-1.951481126517577158e-01
-3.985177707419460535e-01
-1.476239313013621712e-01
-2.632954596039414064e-01
-3.428617783092604565e-01
-4.817721110500580162e-01
-4.804702656886217782e-01
-3.853450114398331294e-01
-4.640361408252015041e-01
-4.632012763557136203e-01
-5.465116557893364702e-01
-5.274256238867213176e-01
-5.268726432352068834e-01
-3.587360933603767621e-01
-3.074022705558064339e-01
-4.033156184805056221e-01
-4.285327151152107383e-01
-3.233829118726044838e-01
-2.993624021977637217e-01
-3.620349778413071151e-01
-5.839967993293593285e-01
-6.956736109903652876e-01
-9.449475218293837409e-02
-5.999198255183557649e-01
-7.842597761362724018e-02
-5.374522663171117376e-01
-2.734161508961292508e-01
-2.682339281773811202e-01
-4.599299660064243289e-01
-2.977763340884975740e-01
-3.348228753724301621e-01
-3.981482183690625565e-01
-3.885272223649304801e-01
-3.187283967498682480e-01
-4.228161898612177172e-01
-4.089191401026906481e-01
-3.469891346638759866e-01
-3.681532179670611860e-01
-3.140968310285314757e-01
-3.925284918202416318e-01
-3.783802021333556032e-01
-3.476562147959616489e-01
-3.295467187244239260e-01
-5.243661465485178752e-01
-3.162609867093617022e-01
-4.068633136661251037e-01
-3.384389321647440774e-01
-4.897485960126226612e-01
-3.742699885677364113e-01
-3.701077571807482314e-01
-3.250698906363113649e-01
-3.760833158284327404e-01
-4.610725011568328480e-01
-3.853351985697411330e-01
-3.098179664959118673e-01
-4.870412741162789549e-01
-2.989284032150821835e-01
-4.912320437187495115e-01
-4.541469273943900542e-01
-5.241414511424350442e-01
-4.425311466464406096e-01
-4.899983974884711269e-01
-3.303317896335595805e-01
-5.169869673638249896e-01
-5.512144992755436679e-01
-3.040727568701765970e-01
-3.214797291425862680e-01
-5.128105827314907161e-01
-3.369266682745540309e-01
-3.325047881709898290e-01
-4.374400910925213548e-01
-4.718716838799752455e-01
-3.366108160184240750e-01
-3.097130068995456731e-01
-5.193239469735234648e-01
-4.941076891393246795e-01
-4.294144262617690111e-01
-4.799429900907812852e-01
-3.243117832561511205e-01
-3.334971974397649142e-01
-3.372820089005732491e-01
-3.548795324734888568e-01
-3.244479814572388543e-01
-5.128047369676400624e-01
-4.758204467308378427e-01
-4.934728128322531382e-01
-5.288936410074851491e-01
-4.135195606417452208e-01
-3.158033766065621584e-01
-3.930435187374674011e-01
-5.095849541063333099e-01
-3.318556594076338961e-01
-4.050488675637945457e-01
-4.879101553416258508e-01
