-1.649986183023820940e+00
-2.098125853628366677e+00
-1.213197785619181568e+00
-1.368360440521671384e+00
-1.620907835178998946e+00
-3.455000104110492298e+00
-2.051293984725560016e+00
-1.376668110682735646e+00
-1.641975479773401636e+00
-1.665203726097402637e+00
-2.738800154428842060e+00
-2.315152133994553996e+00
1.432846578449305242e-01
-2.123087703727451814e+00
-1.977677914897777889e+00
-2.677054271585629919e-01
-2.135809735961407441e+00
-3.487417561925102660e+00
-4.484664151329210036e+00
2.411765058377246251e-01
-1.645867197146970939e+00
-2.164760448339153154e+00
-3.179708413763965513e+00
-1.731055672913532684e+00
-2.717810584763108661e+00
-1.773948628687663787e+00
-8.266755908943628217e-01
-2.668821195198662899e+00
-6.924089326591750249e-01
-3.287681207773159198e+00
-2.715941460063717727e+00
1.473374036091611439e+00
1.702642865954904661e+00
-2.858057713014338752e+00
-2.216143119066360967e+00
-1.458668188934617360e+00
-1.578355835839126975e+00
-2.063897849763439929e+00
-2.713084948041069033e+00
-2.861397077179522519e+00
-2.607729101305405806e+00
-2.430606423636249680e+00
-1.979192472927371771e+00
-1.930238079454272393e+00
-1.364168396585391019e+00
-1.303969033460461668e+00
-2.092608569283481490e+00
-6.224396517043759403e+00
1.615712775608806329e+00
-2.205050736916854603e+00
-2.260293895867386382e+00
-9.386330643970612897e-01
-2.452379260436525765e+00
-4.400060343489888837e-01
-1.753128502063338479e+00
-2.860510416446456095e+00
-9.178487002939554884e-01
-2.370199333560200738e+00
-3.735599741775084137e+00
-1.406658320169634990e+00
-2.082780915824332391e-01
-1.633552315253529397e+00
-1.648242559533911633e+00
-3.334290095750171101e+00
-1.213412524155206285e+00
-3.621898780157159603e+00
-1.568053570714666556e+00
-3.162106075041565934e+00
-2.372815951603795437e+00
-3.589239394325197452e+00
-2.271445104758834432e+00
-1.677158428281965818e+00
-4.615364048026123989e+00
-9.936340359107656006e-01
-1.072117259528284489e-01
-3.025863026430322567e+00
-2.344723130706604319e+00
-1.734542600348759400e+00
-1.510502341863535936e+00
-4.083692102385144906e+00
-2.056651896299078075e+00
-1.575725146867388515e+00
-3.406126059807625062e+00
-1.300107665540008561e+00
4.096235672669495953e-02
-2.152495072232451623e+00
-1.192394760857218516e+00
-1.431669826580372451e+00
-3.308824074641295021e-01
-4.605403213925082007e+00
-1.683538081018705945e+00
-2.390786157263897760e+00
-2.083125303262785444e+00
-8.688844761740603939e-01
-1.367185490138717707e+00
-5.140834624289489341e+00
-1.405870508220473436e+00
-2.375803940917671664e+00
-2.001016937558879327e+00
-9.108396516355073969e-01
-5.529523979618519824e+00
-1.172712930616787386e+00
-1.554977687179972978e+00
-2.679765818733218286e+00
-1.899175461159398948e+00
-1.986322632902214114e+00
-1.562260895465389376e+00
-1.992080812159584990e+00
-2.094574714166175244e+00
-1.306328141216014815e+00
-2.773715988974163160e+00
-1.309946204122274027e+00
-2.264055607526249680e+00
-2.759811512547814427e+00
-1.127191026693373344e+00
-3.222611630831533791e+00
-1.982791744142645918e+00
-1.566071668701052300e+00
-2.329282752640847498e+00
-1.006324604915123988e+00
-4.345962828146062051e+00
-3.287657900580573944e+00
-3.568661805653298713e-01
-1.127843031500223692e+00
-1.033297727862633603e-01
-2.132184337976342547e+00
-1.687348464752029820e+00
-1.031614677552804338e+00
-2.192437079266669198e+00
-3.619565109161944960e+00
-2.000118792001575052e+00
-1.758583689215994506e+00
-2.103705201461044005e+00
-1.521002877011961463e+00
-2.206558368384134550e+00
-9.837748558657540832e-01
-2.116909429621661065e+00
-2.152592017502229726e+00
-1.300245295972045634e+00
-2.594499037751434756e+00
-1.819068365032602941e+00
-7.941078592423871374e-01
-2.793318476632038472e+00
-2.243083262903342590e+00
-1.719483044557522433e+00
-2.375048340481953346e+00
3.106849097279783256e-02
-2.171914053555284330e+00
-1.859930257792706598e+00
-1.234567034135838792e+00
-3.589195916665723907e+00
-6.417500304304799563e-01
-2.448088222081779897e+00
-8.344112738324110934e-01
-2.071703291628976817e+00
-2.159727509061065032e+00
-1.924010208661945942e+00
-2.348520087291094072e+00
-2.409503422878568557e+00
-1.537427422222477524e+00
-1.715227012308210730e+00
-1.573478515175008585e+00
-6.366145278911359284e-01
-2.188327038586501239e+00
-1.754023120152103266e+00
-2.098630512445691654e+00
-2.286853312025881824e+00
-2.279154653054950685e+00
-1.632088513457707224e+00
-1.047188373944468509e+00
-2.720668220763688527e+00
-3.574652024534135109e+00
-2.142080183526210213e+00
-1.792864660712838898e+00
-3.078590203771484290e+00
-2.376805834854273325e+00
-2.497207954125550522e+00
-1.791789314456060156e+00
-1.950114354050995091e+00
-2.019401190527850609e+00
-2.199526627672138801e+00
-1.356373123125008018e+00
-2.245627405445785041e-01
-8.804217979722487319e-01
-1.735567627658583856e+00
-1.658566975473139360e+00
-2.521143055977853820e+00
-1.909921357173434420e-02
-1.218420381494261573e+00
1.407777531046702779e-01
-2.698304820020709816e+00
-2.586788109524525314e+00
-1.534284351710269334e+00
-1.843825577581207575e+00
-3.402488525576131018e+00
-2.506714085888661625e+00
-1.968738439602908175e+00
-3.005089505738437694e+00
-3.667789858824544780e+00
-1.706126925938975525e+00
