-2.725346922739013689e+00
-2.730731960628401733e+00
-2.660803978139027581e+00
-2.717299206779645981e+00
-2.729487418301562496e+00
-2.690136965146230796e+00
-2.738148324452030824e+00
-2.735909482373537926e+00
-2.706851449864231096e+00
-2.680640912396954789e+00
-2.726621448823991489e+00
-2.700432514473924073e+00
-2.724479997990576940e+00
-2.714601956677678896e+00
-2.672522193176828598e+00
-2.685116267306491888e+00
-2.662961321853094088e+00
-2.693812371347788392e+00
-2.660042615591114767e+00
-2.714598576126132645e+00
-2.705994733734083724e+00
-2.680711372908549439e+00
-2.692707173292202327e+00
-2.663934983835674952e+00
-2.720667962094648118e+00
-2.726204371613682120e+00
-2.672684120663918694e+00
-2.684398034910656872e+00
-2.720674930226557819e+00
-2.680646150098031200e+00
-2.670716080012384364e+00
-2.674984133850907053e+00
-2.675897645695066718e+00
-2.680451761489377915e+00
-2.710397177137405578e+00
-2.723586712651631991e+00
-2.716673472604443695e+00
-2.687316862743518442e+00
-2.646252757775326092e+00
-2.714086650566051251e+00
-2.660893113626174866e+00
-2.667346930433655228e+00
-2.707497451639858443e+00
-2.738966217556458194e+00
-2.736097984883784751e+00
-2.734850604494317938e+00
-2.734919227450673507e+00
-2.666344465703709421e+00
-2.688164695495116607e+00
-2.734612901459042789e+00
-2.664320836446604890e+00
-2.711350099842561701e+00
-2.678389758171683788e+00
-2.718610028837352921e+00
-2.726128412349340113e+00
-2.686697825850412169e+00
-2.675729495622621190e+00
-2.735629964707729567e+00
-2.702468748918203101e+00
-2.685831573417075901e+00
-2.722200454786690038e+00
-2.720662233812361830e+00
-2.720256841355455979e+00
-2.646336620601132950e+00
-2.635440607071116492e+00
-2.527684715105691815e+00
-2.526342361223225197e+00
-2.575895835488509089e+00
-2.608673564973023495e+00
-2.633380106725440317e+00
-2.665354096549327423e+00
-2.677323995164619053e+00
-2.730843675772560708e+00
-2.693891002497058373e+00
-2.684322131757451046e+00
-2.685354029777344387e+00
-2.695647821324451243e+00
-2.696055133532874404e+00
-2.677533076920215471e+00
-2.725517369537695522e+00
-2.723826214249109867e+00
-2.674168200294399611e+00
-2.698309436191633992e+00
-2.694900215798981424e+00
-2.662071790607785537e+00
-2.701870154033270133e+00
-2.719324752199348438e+00
-2.680159233002988195e+00
-2.687617962662600224e+00
-2.717504207133561334e+00
-2.664700560555572029e+00
-2.649865076399135599e+00
-2.380591579287864246e+00
-2.109400262944604698e+00
-2.054841379760708797e+00
-2.307436413124177133e+00
-2.504757696947466528e+00
-2.573011660659574762e+00
-2.632615304411070056e+00
-2.627180805588660295e+00
-2.648015929262044654e+00
-2.652140410513406987e+00
-2.666780921474651400e+00
-2.680828113133182367e+00
-2.659168612538532983e+00
-2.669646645915604299e+00
-2.726735458932703082e+00
-2.732936307102959983e+00
-2.664063775481197549e+00
-2.663198682726138689e+00
-2.690495202861547863e+00
-2.718409266358770893e+00
-2.677132276790608056e+00
-2.660213709989080577e+00
-2.658617871251798714e+00
-2.704573371907008639e+00
-2.669154439484327401e+00
-2.671837964682207023e+00
-2.656024154091362277e+00
-2.430627249015735014e+00
-1.735477558098556417e+00
-1.651902670528373918e+00
-1.648112568875783390e+00
-1.721628645411691361e+00
-1.784589986708166931e+00
-1.966625016011088078e+00
-2.266930949667088413e+00
-2.456091503378829977e+00
-2.486057245244146952e+00
-2.486535022381034299e+00
-2.437735872284493510e+00
-2.429245394383073631e+00
-2.456396916952559017e+00
-2.542421135363033269e+00
-2.596675082325476946e+00
-2.667355534576050236e+00
-2.677449213040050235e+00
-2.706579381114995186e+00
-2.679213051489401032e+00
-2.678909131396835175e+00
-2.707073894131548641e+00
-2.727564019780584381e+00
-2.695192679693014792e+00
-2.662350374470682901e+00
-2.712862125030752303e+00
-2.695509390751570589e+00
-2.525598722119710260e+00
-1.857773167486479027e+00
-1.513489457546001393e+00
-1.458215811530454431e+00
-1.457386422032119544e+00
-1.511900277193532594e+00
-1.544330239693648910e+00
-1.596772270674478911e+00
-1.661162124345478164e+00
-1.679719202498719977e+00
-1.710128086081479148e+00
-1.710208390686490221e+00
-1.664583580128343510e+00
-1.637131104642595369e+00
-1.631723257125221593e+00
-1.643744421340759709e+00
-1.913510411472707284e+00
-2.294758707242395612e+00
-2.531073412566175129e+00
-2.602645801180281993e+00
-2.647187780123426926e+00
-2.726094508571037522e+00
-2.668291065711324350e+00
-2.696215365268344488e+00
-2.677739031989001539e+00
-2.641193624109911653e+00
-2.679850539204909676e+00
-2.586135294718253430e+00
-2.167657590493297981e+00
-1.534900956189047205e+00
-1.432084276221064822e+00
-1.336633862134743334e+00
-1.359147184990879609e+00
-1.321739963991342526e+00
-1.415485483373228215e+00
-1.395763610502907648e+00
-1.418506665454610571e+00
-1.515499495750850523e+00
-1.505972627786455575e+00
-1.531080398163298772e+00
-1.483378089386589327e+00
-1.412970274724832498e+00
-1.413808116449360996e+00
-1.447368676669428922e+00
-1.474024746877730552e+00
-1.573705468394884344e+00
-1.851784719896662157e+00
-2.257868509501914200e+00
-2.561317290538914548e+00
-2.659999419680175059e+00
-2.729065961189202749e+00
-2.729440935730109707e+00
-2.639679869403543933e+00
-2.618647479676976086e+00
-2.598431488292412883e+00
-2.353563422943826033e+00
-1.661156791432188307e+00
-1.386598797379176462e+00
-1.286026544039928998e+00
-1.163150145466154806e+00
-1.109340483401854982e+00
-1.097693171460626615e+00
-1.134451304674358285e+00
-1.151025285751220206e+00
-1.215052075227394335e+00
-1.245057718258707480e+00
-1.327436264495662099e+00
-1.347596655102131669e+00
-1.274989862883193492e+00
-1.257671500599321535e+00
-1.278892561540730499e+00
-1.293789799672163676e+00
-1.305150396211669950e+00
-1.349402994046502435e+00
-1.447234830391135318e+00
-1.576891915272635281e+00
-2.170259220591185034e+00
-2.711616791574603447e+00
-2.733962436038417376e+00
-2.687650167362706899e+00
-2.652793189795014328e+00
-2.538029304388537799e+00
-2.367760482789000420e+00
-1.740898137755329200e+00
-1.514983232620870091e+00
-1.220238350825381346e+00
-1.077467978725313635e+00
-8.804801295283447571e-01
-7.792844739623235872e-01
-7.342249469703107101e-01
-7.100093969318950204e-01
-8.306869585556114766e-01
-8.814148383861688529e-01
-9.142715044353727505e-01
-1.017924837238922686e+00
-1.032380883129631277e+00
-1.069410080944634522e+00
-1.026770946070069135e+00
-1.022690437822320719e+00
-1.087901685981916167e+00
-1.133911641553088101e+00
-1.167405757482657735e+00
-1.283741837491046089e+00
-1.430886814888618686e+00
-1.638701615820957080e+00
-2.692962148228014385e+00
-2.739648705727790290e+00
-2.708109429343683594e+00
-2.630850496752597856e+00
-2.353089726364709033e+00
-1.820697240787000126e+00
-1.621816855731106566e+00
-1.280632759907249119e+00
-1.056704192321408886e+00
-7.880418313885783066e-01
-5.052638296578433330e-01
-4.153600149961617083e-01
-3.474793131231939669e-01
-3.904103483385736317e-01
-4.685517545492990377e-01
-5.825823999381197771e-01
-5.949349975245448174e-01
-7.065121220315925266e-01
-7.519497056888519992e-01
-7.605747513266908344e-01
-7.638011027263231778e-01
-8.091042494887658032e-01
-8.010610515216642913e-01
-9.352653824634552526e-01
-9.915892108101023172e-01
-1.058767352492004266e+00
-1.268855928426680268e+00
-1.508916936932018116e+00
-2.656647710201775148e+00
-2.707488805857689584e+00
-2.687072976350456610e+00
-2.502808293575912391e+00
-1.783707132367424064e+00
-1.678641769740129019e+00
-1.488116534944395442e+00
-1.161271206567818792e+00
-8.833476074394390753e-01
-4.240248527675768431e-01
-1.272653581789180699e-01
-7.834085086313599677e-02
-7.355148994164475984e-02
-1.526938197803407449e-01
-2.459936518882833711e-01
-3.040371616481530870e-01
-4.393057678186658710e-01
-5.203346089524217843e-01
-5.992678431101665648e-01
-6.467051617221790671e-01
-5.939457282838900287e-01
-6.038037097748427673e-01
-6.344843275206261124e-01
-6.740334054503175354e-01
-7.526695147887091375e-01
-8.857515466790198966e-01
-1.101878642719798407e+00
-1.455473006336132746e+00
-2.626360478998890358e+00
-2.729323620580037524e+00
-2.652111364467284460e+00
-2.294275156230997759e+00
-1.697168256013389165e+00
-1.585692527438470778e+00
-1.303088987253786080e+00
-9.981925150459297624e-01
-5.653297329668289795e-01
-5.395498481880451475e-02
1.483795729861728807e-01
2.764052127438384326e-02
-1.935308091846253131e-01
-2.424344844709652724e-01
-2.706350376269610059e-01
-2.655752729277924273e-01
-3.385695122981516869e-01
-4.756312929896344133e-01
-5.038129250889480382e-01
-5.986994847534047315e-01
-5.643324048563589379e-01
-4.787668548670877544e-01
-4.011326932652431454e-01
-3.964295620507612972e-01
-5.134917943518224615e-01
-6.634750184228819236e-01
-1.044303285442545359e+00
-1.358383259490694828e+00
-2.602582424468122380e+00
-2.668653687304205491e+00
-2.658142672534508755e+00
-1.828667335408296735e+00
-1.656472676318533566e+00
-1.425980099155659042e+00
-1.148712152603966308e+00
-7.429035002561366063e-01
-1.851155044028716390e-01
1.941658994751442602e-01
8.968466519310096252e-02
-2.127889713308117048e-01
-5.104880722592664011e-01
-5.696942711448856889e-01
-4.760101495367003444e-01
-3.859731332959826511e-01
-3.713391610602005399e-01
-4.086827664064334731e-01
-5.667304711515543936e-01
-6.176677982392541066e-01
-5.005099018829106683e-01
-4.427564088869309633e-01
-3.207963399162231388e-01
-2.629431161736980882e-01
-3.134879046762926724e-01
-6.193445747922975420e-01
-1.026835830763693336e+00
-1.343837975548028307e+00
-2.562625930922246997e+00
-2.732349606882631843e+00
-2.691809629009363825e+00
-1.686950591577726088e+00
-1.505274624753175416e+00
-1.280536296189094481e+00
-9.808177768086380199e-01
-5.231916927128094086e-01
-6.522983734627089969e-02
2.065844848983349746e-01
-8.637725192465252333e-02
-5.276397456368473460e-01
-7.456525779102912699e-01
-7.320992206588017304e-01
-5.674020642115830126e-01
-2.992238424310513789e-01
-2.278242003834803631e-01
-3.378185257499203287e-01
-4.548528879320132279e-01
-5.244658129417411052e-01
-4.438913062613937255e-01
-2.523303915058487945e-01
-1.322993272350355687e-01
-1.374807094149280151e-01
-2.903425307932158139e-01
-5.944284842249987211e-01
-9.708711074301870081e-01
-1.360758490720676894e+00
-2.508240414345863201e+00
-2.719639672246705331e+00
-2.635962660322016760e+00
-1.639866827542313388e+00
-1.431736843210730692e+00
-1.200230493874906657e+00
-8.355046947130718715e-01
-3.861646741423050422e-01
5.103057303795604377e-02
6.508027659662450615e-02
-3.346723815613496522e-01
-7.111327276652239515e-01
-9.029255350353058152e-01
-7.885565210515327328e-01
-4.909771776547469102e-01
-1.706024683128829766e-01
-8.794540373598501437e-02
-1.833167242250569318e-01
-2.792257497116255593e-01
-2.530964676693252535e-01
-1.826430370165397776e-01
-9.479184210194743776e-02
-5.132974125490258333e-02
-1.802477614759220581e-01
-4.323341059408535858e-01
-6.729342584878322819e-01
-1.090016709441125942e+00
-1.437778822149762714e+00
-2.512350657295359557e+00
-2.662487641076939582e+00
-2.621557597186252586e+00
-1.619714300227990789e+00
-1.372613123932412638e+00
-1.130618979845367633e+00
-7.945950702098961704e-01
-3.370299257241601287e-01
-3.749594620475138907e-03
-5.955281646424701036e-02
-4.698832813643130102e-01
-7.433604964856013186e-01
-8.530603025341584322e-01
-6.722845917144719685e-01
-2.842881706485426707e-01
-2.203688153929862434e-02
6.827168861245237752e-02
1.037965680019440826e-02
-7.040421811492787729e-02
-9.108032991466923078e-02
3.711245814717452091e-03
1.470384208550601195e-02
-1.335822694972540470e-01
-3.903695593456676938e-01
-5.720692312726604056e-01
-8.921743160722530597e-01
-1.162643298016591720e+00
-1.515845991399685566e+00
-2.523134645429887524e+00
-2.688250212912928205e+00
-2.669821421043565124e+00
-1.591129503625684061e+00
-1.343867531387246572e+00
-1.105377405950636938e+00
-8.422141489961858518e-01
-3.695769928193337606e-01
-4.963297287450786632e-02
-1.054304723039816288e-01
-4.517110289688638369e-01
-6.958615779592117745e-01
-6.656271232190746900e-01
-3.296370125720259336e-01
1.037958926135445631e-01
2.237267511951852583e-01
2.214169549612071686e-01
4.086898301616665591e-02
2.215151711510607302e-02
-1.395097275411117874e-02
-1.066929373246942314e-01
-1.880153898825608905e-01
-3.990331744594525221e-01
-6.485729306182840270e-01
-8.444067834445790899e-01
-1.078165808699337314e+00
-1.297561569725725228e+00
-1.562962721827840351e+00
-2.595290976648710224e+00
-2.739232637265196502e+00
-2.647405126254772867e+00
-1.547122929763170784e+00
-1.339834882909972213e+00
-1.133199440425652238e+00
-9.005663421126653967e-01
-4.721939518448956541e-01
-1.952039950363954057e-01
-2.069405314958439324e-01
-4.344827503371010979e-01
-4.748893342539245999e-01
-3.315266826277297740e-01
-1.077374687867900006e-02
1.831792309652887085e-01
2.259477925885243488e-01
4.485877891347778840e-02
-1.548385255013715878e-01
-1.955561946361474568e-01
-2.414521389995599454e-01
-3.419630332758981095e-01
-4.991006691454241140e-01
-6.936454165862213639e-01
-9.335363031983074933e-01
-1.124373277050192632e+00
-1.234164782695782225e+00
-1.354995401106406261e+00
-1.612017283804307644e+00
-2.570835657680931696e+00
-2.700465813711342644e+00
-2.649284948373855197e+00
-1.597441005567294958e+00
-1.357828667712249304e+00
-1.164515977094789045e+00
-9.983655030176279421e-01
-6.943932968596413513e-01
-4.093353247085445568e-01
-3.152290695615629357e-01
-3.063215809791897670e-01
-3.210288454913656775e-01
-1.339885828624209907e-01
1.699303212885481390e-02
-3.693606413579565012e-02
-1.741780449400975317e-01
-4.070484076085181813e-01
-4.755864122561381802e-01
-5.594127765523636553e-01
-6.295139313577921003e-01
-7.161456154326467649e-01
-8.467434155566306853e-01
-1.065666252326727514e+00
-1.208989548405746017e+00
-1.322012163276049312e+00
-1.399704077624203791e+00
-1.483728559958559234e+00
-1.909531614574574432e+00
-2.669901040123415559e+00
-2.659672492217029394e+00
-2.719072149495838087e+00
-1.743715836041746625e+00
-1.480235246866187016e+00
-1.293975790674241289e+00
-1.143477794776563305e+00
-8.992124310199733905e-01
-6.546650759363296102e-01
-5.001246218374800767e-01
-4.364301562716261240e-01
-4.239796809232464492e-01
-4.124059320100154080e-01
-4.148489354780566796e-01
-5.609593421221420462e-01
-6.706848522230632881e-01
-7.634090070375610937e-01
-8.007638184508092394e-01
-8.147657520229431016e-01
-9.438470171327764113e-01
-1.014750022520395811e+00
-1.179470375316758357e+00
-1.286794024073577125e+00
-1.367080862604842739e+00
-1.450632116602909916e+00
-1.516909310108822462e+00
-1.650222618258307961e+00
-2.342458408359532118e+00
-2.700750517785443172e+00
-2.680113562023290541e+00
-2.705118608772884237e+00
-2.191633407488584595e+00
-1.637400300034723921e+00
-1.397335597846026012e+00
-1.192113025065905996e+00
-1.039943493569925437e+00
-9.159114063326377897e-01
-7.983957900206594127e-01
-7.761982962129361230e-01
-7.969583318214813472e-01
-8.127690010336947601e-01
-9.284300118450888872e-01
-1.029385915830864251e+00
-1.070518455356808563e+00
-1.026618334353958772e+00
-1.036333535483318080e+00
-1.067683520175573886e+00
-1.221987767060980001e+00
-1.330149690055519862e+00
-1.369410331189410357e+00
-1.439210016167965511e+00
-1.564151226267303407e+00
-1.610615112931436776e+00
-1.683385559675539156e+00
-1.877701902381207377e+00
-2.520312317497402699e+00
-2.659739511759851460e+00
-2.717595322351003428e+00
-2.690431270556919330e+00
-2.534020383924263875e+00
-1.746075193006530801e+00
-1.533566974816076733e+00
-1.360425997453651892e+00
-1.203474188418623081e+00
-1.090378707280394988e+00
-1.059310121409177574e+00
-1.035285370903130886e+00
-1.110319530150247092e+00
-1.186335971643130538e+00
-1.284553767878837904e+00
-1.269818865029515242e+00
-1.289130083675477323e+00
-1.287403497804424868e+00
-1.287435482474533543e+00
-1.365230396465859197e+00
-1.434012350616740372e+00
-1.478714303408222630e+00
-1.559928646942224217e+00
-1.602662894278217065e+00
-1.702344265340999696e+00
-1.757537935289699815e+00
-2.261165629008476952e+00
-2.469622586787200369e+00
-2.606536980639754919e+00
-2.719650077379063724e+00
-2.715679410848891528e+00
-2.725849469591294927e+00
-2.654123449920367417e+00
-2.429605849321751609e+00
-1.688727314453888795e+00
-1.430852651761773009e+00
-1.348486490308109742e+00
-1.247444347650521035e+00
-1.202409358974314335e+00
-1.265349893810001181e+00
-1.314034399930824826e+00
-1.440025370682532113e+00
-1.465454372837174946e+00
-1.554653168946656283e+00
-1.545757622635546280e+00
-1.506001280625458350e+00
-1.475883866759855945e+00
-1.575169241589722491e+00
-1.647225728091419761e+00
-1.640510879482862672e+00
-1.725821012165662083e+00
-1.767300129901881123e+00
-2.196952794647785367e+00
-2.459442098750034500e+00
-2.550490236267295874e+00
-2.601999875647371674e+00
-2.668267146618809704e+00
-2.668158243686195696e+00
-2.733903242935794786e+00
-2.719523096153632302e+00
-2.664527657660647808e+00
-2.598618292380156181e+00
-2.184147306676581746e+00
-1.537725273514154445e+00
-1.397140417104834942e+00
-1.339246660469083583e+00
-1.327134945881148109e+00
-1.367361866653153069e+00
-1.477765810291305604e+00
-1.591437565880040816e+00
-1.709767003954936193e+00
-1.744608449936810635e+00
-1.708676168029241271e+00
-1.694738153620115151e+00
-1.689997071072190327e+00
-1.761226837039902238e+00
-1.746508086760139689e+00
-1.809216632600846753e+00
-2.211222716065187388e+00
-2.439087784121369396e+00
-2.550499674615744006e+00
-2.596369999644880355e+00
-2.663634650227151290e+00
-2.689847936116173788e+00
-2.692284730573919482e+00
-2.714952747583968318e+00
-2.665554765464559939e+00
-2.722890539792601761e+00
-2.732010235715028657e+00
-2.622490917833155688e+00
-2.531681887952872412e+00
-1.786643910784883271e+00
-1.562875583196311480e+00
-1.459283184922455678e+00
-1.439467838454253190e+00
-1.489924231469809790e+00
-1.711927352772160127e+00
-2.152404487432916458e+00
-2.256685656651658878e+00
-1.892275512737193521e+00
-1.824777596919556766e+00
-1.833771818839902812e+00
-1.850778136777784244e+00
-1.877597121687937465e+00
-2.365049596650027119e+00
-2.573714639144292438e+00
-2.600425714981458469e+00
-2.641824137106580928e+00
-2.655968826326411403e+00
-2.662039025709799223e+00
-2.690686118602401589e+00
-2.731041102393618303e+00
-2.678793103852368240e+00
-2.698989611689872170e+00
-2.716546283951593033e+00
-2.685917873622865493e+00
-2.722219823137789874e+00
-2.702458444525194903e+00
-2.657673221655902029e+00
-2.520179819680301581e+00
-2.078976159361956455e+00
-1.754777404768505855e+00
-1.680043647237017934e+00
-2.009059877366908164e+00
-2.339981951132212412e+00
-2.565983832355354544e+00
-2.643541465296346704e+00
-2.594447649362269015e+00
-2.623603281328952264e+00
-2.609236621252469579e+00
-2.615841552396127145e+00
-2.645541486311030255e+00
-2.659269841497276854e+00
-2.658293259523974772e+00
-2.671297978005025442e+00
-2.672925736353789716e+00
-2.729944463625631368e+00
-2.679480112780479928e+00
-2.674651809580287587e+00
-2.723963729724657945e+00
-2.665274526459179505e+00
-2.665413366777132698e+00
-2.660974596000562631e+00
-2.704444042905713719e+00
-2.717968044265254512e+00
-2.719109833564890444e+00
-2.667930751895894126e+00
-2.634347976391994806e+00
-2.635386501741407539e+00
-2.553539743510419679e+00
-2.608943262193109458e+00
-2.583934895471867499e+00
-2.621128602740537161e+00
-2.674579868779772163e+00
-2.705217643317027409e+00
-2.730801825444462150e+00
-2.709754160741157492e+00
-2.674660105181040137e+00
-2.673264330590715776e+00
-2.661512181569982260e+00
-2.700234985899091278e+00
-2.657096295092324034e+00
-2.669387088922213991e+00
-2.704252362878130977e+00
-2.680550043635188118e+00
-2.717651897164013786e+00
-2.679233684421056694e+00
-2.709091844173679320e+00
-2.671021452800924845e+00
-2.732704436147276983e+00
-2.706667015359626394e+00
-2.709271687684557506e+00
-2.691574772666725401e+00
-2.682419811690921474e+00
-2.694775111794803557e+00
-2.720935841369526820e+00
-2.729793315079486415e+00
-2.706251781296645564e+00
-2.731489897681124823e+00
-2.700963866581846506e+00
-2.685617867849789508e+00
-2.684828709593467977e+00
-2.721506668226134185e+00
-2.725953102177348875e+00
-2.736077263080618938e+00
-2.692759559053699014e+00
-2.734058102275698232e+00
-2.682099665247457576e+00
-2.729077853106313789e+00
-2.676346213683632680e+00
-2.675052620954649463e+00
-2.660571934986029952e+00
-2.667127827957259445e+00
-2.687565603001861980e+00
-2.705233211524568304e+00
-2.699196791154094832e+00
-2.695257249477160499e+00
-2.685922791900775763e+00
