7.300521891683091624e-01
1.195269446145571735e+00
1.823768479344075599e-01
-2.191127151647517257e-01
-3.307047889346484415e-02
-5.922855127806530007e-01
-9.999022497517797703e-01
2.839705233027739473e-01
1.706543285187277270e+00
7.914826494222363396e-01
-1.257848247016961185e+00
-1.385672737371534957e+00
1.738403893257962907e-01
8.121377171373090897e-01
2.836635360710911269e-01
2.520597201661006759e-01
4.155156281798548790e-01
-5.569431322706268617e-01
-1.450826205925437318e+00
-2.607717016929502751e-01
1.609149393759822910e+00
1.253466928442138695e+00
-7.013660905483304342e-01
-1.269161416629471129e+00
-2.168071991244636121e-01
2.966858486561169128e-01
7.758486927264862665e-02
5.212753572501819255e-01
9.520281220701080072e-01
-2.225044295743503486e-01
-1.665249346375372586e+00
-8.511614221836385497e-01
1.224686733924878368e+00
1.452994928289030874e+00
-1.401669489166206262e-01
-8.871895312044854043e-01
-3.265920698952000101e-01
-1.786434400294132918e-01
-3.647032378207000214e-01
4.930492845397529966e-01
1.402018216858688771e+00
3.179379597123422885e-01
-1.569208377465349802e+00
-1.314112560722380474e+00
6.661193916329324338e-01
1.338980742381956857e+00
2.576910458433757656e-01
-3.702052553680328373e-01
-1.285279874673506406e-01
-4.543118005394388148e-01
-8.976807788106032637e-01
1.651649793142587752e-01
1.617462993950329331e+00
9.065731206489973104e-01
-1.185104503370462359e+00
-1.515946909919681174e+00
1.001954349720409754e-01
9.578598157200255425e-01
3.757439405845997005e-01
1.095804961086356832e-01
3.076520065258139258e-01
-4.335391097401913862e-01
-1.346929259666797440e+00
-3.706023831505698141e-01
1.523012921199175196e+00
1.370124038613329764e+00
-6.247291146707730780e-01
-1.404110048092410246e+00
-3.046055079727975623e-01
4.390569848260153507e-01
1.854707819090016807e-01
3.920045171131620321e-01
8.372948882854444053e-01
-1.125572832329071876e-01
-1.563623698499613690e+00
-9.571166419310876972e-01
1.139545665343766778e+00
1.573930892159915329e+00
-5.437523560221879659e-02
-1.023554125865431930e+00
-4.306638281158953196e-01
-4.546121115973744686e-02
-2.448230504980073718e-01
3.789981402370065644e-01
1.286025438323446624e+00
4.181840634557192349e-01
-1.471033537483770193e+00
-1.420924323987614590e+00
5.776704644619246043e-01
1.463975758799518356e+00
3.570699161350658901e-01
-5.026713924878856155e-01
-2.479268031261120941e-01
-3.349183725063574757e-01
-7.713621263626263547e-01
6.524113678842771713e-02
1.504227541472522578e+00
1.002236705970865671e+00
-1.088510532495993832e+00
-1.626395408882471694e+00
3.211524969490120451e-03
1.083724831151815726e+00
4.908410436550916245e-01
-1.317138995034955462e-02
1.767324402872721967e-01
-3.299641260888041550e-01
-1.219827394565207612e+00
-4.601503619805380474e-01
1.413794850449442864e+00
1.465985133638392224e+00
-5.254723204257081282e-01
-1.518053529732478202e+00
-4.145503677174119939e-01
5.605285292831965194e-01
3.153568075312502272e-01
2.835680745718910378e-01
7.004265253173121986e-01
-2.372571265968431015e-02
-1.439822517095554311e+00
-1.041429121470114127e+00
1.032550875497586507e+00
1.672840541920486590e+00
5.273952759154916514e-02
-1.137876297047820451e+00
-5.557143663544399370e-01
6.582671905256851086e-02
-1.039463184632373055e-01
2.869219395096878067e-01
1.148905380476157534e+00
4.960219618665676622e-01
-1.351870623760091705e+00
-1.504831947176265450e+00
4.687122202325353926e-01
1.565873209864254711e+00
4.764647872044244226e-01
-6.121630604013442722e-01
-3.871738613495133152e-01
-2.384132999059418168e-01
-6.250793267471788095e-01
-1.153526721299463764e-02
1.371003342596269547e+00
1.074245567903688858e+00
-9.722646909883772004e-01
-1.712822656816653577e+00
-1.128760315398224245e-01
1.185569574096910994e+00
6.246773588755094586e-01
-1.120712667370522275e-01
2.707554295798891841e-02
-2.502989802770584360e-01
-1.073873861176420030e+00
-5.253774148228110841e-01
1.285878323113688326e+00
1.537048505700592482e+00
-4.080108825182543475e-01
-1.607023292159454275e+00
-5.421884428840928472e-01
6.571686667352163447e-01
4.627488963414334577e-01
1.998543416165441122e-01
5.459533873074640109e-01
4.014783428571462587e-02
-1.298405825896151278e+00
-1.100297848312877358e+00
9.082905316812619478e-01
1.745958605477641923e+00
1.765560822208802616e-01
-1.226426550106391566e+00
-6.970841112867869338e-01
1.515327036949709605e-01
5.323009317984626898e-02
2.204611256080653281e-01
9.953856987407875279e-01
5.478571397286852163e-01
-1.216473264824854850e+00
-1.562280758630853583e+00
3.440263205655752499e-01
1.641154808361714013e+00
6.110598676697330811e-01
-6.952018872878215072e-01
-5.414166646935327787e-01
-1.682283196619157317e-01
-4.637171902573950510e-01
-6.178151000986559227e-02
1.222700844124903652e+00
1.119261572594431264e+00
-8.413014523284076951e-01
-1.771929355923738125e+00
-2.431038470259546391e-01
1.260133526076645971e+00
7.722553589262880491e-01
-1.839034024910039811e-01
