-1.757361678988134557e+00
-1.769086811650885549e+00
-1.789911161393376249e+00
-1.795055050377595718e+00
-1.778375624686138412e+00
-1.858694454720834388e+00
-1.880682538176223995e+00
-1.825435962971851733e+00
-1.783924262016900020e+00
-1.789904858397139309e+00
-1.855553758773607953e+00
-1.729641810977206928e+00
-1.931277588145372981e+00
-1.833875523844361366e+00
-1.885713993814145617e+00
-1.893100947569786197e+00
-1.868702657771545983e+00
-1.883626649426333621e+00
-1.830749448134411539e+00
-1.833057088659263423e+00
-1.838808709399427199e+00
-1.792624394275269539e+00
-1.822809218728824732e+00
-1.764627057971515534e+00
-1.859579886174460350e+00
-1.730893182067386515e+00
-1.783619009195864136e+00
-1.787864636836309140e+00
-1.744227913835465271e+00
-1.756213829176754615e+00
-1.865819946210953928e+00
-1.823780500916438729e+00
-1.878198044224506980e+00
-1.814138606214593663e+00
-1.796966525379374957e+00
-1.741445060123661737e+00
-1.791926765902705609e+00
-1.759481411032506326e+00
-1.759600224971986204e+00
-1.763055149857856163e+00
-1.855145608652585265e+00
-1.770355157836471127e+00
-1.775531657519212825e+00
-1.861607664925013950e+00
-1.805980790504791766e+00
-1.786300439231176984e+00
-1.780474711533370780e+00
-1.773116182598825752e+00
-1.847585623697232338e+00
-1.813743675735128624e+00
-1.843639234769216761e+00
-1.784751881522592454e+00
-1.720389290213528044e+00
-1.794177746548939911e+00
-1.788729830023320311e+00
-1.745105698851782794e+00
-1.889099364193279840e+00
-1.804174216808329678e+00
-1.827663415024627813e+00
-1.756319098551020419e+00
-1.803690280787007882e+00
-1.738916331092089207e+00
-1.746369102948479135e+00
-1.780726991599314024e+00
-1.777108752805290903e+00
-1.790798541686576595e+00
-1.843570007192680604e+00
-1.875684449882179416e+00
-1.817351545660644163e+00
-1.923275082429794836e+00
-1.794181922582124944e+00
-1.804239822688825212e+00
-1.803535829065106233e+00
-1.786742924198276405e+00
-1.743031295563012950e+00
-1.888084993105697551e+00
-1.800685736836395323e+00
-1.753229281985297483e+00
-1.825178059212595238e+00
-1.789144762912085795e+00
-1.792745784585359825e+00
-1.789886012757718081e+00
-1.747488621040898193e+00
-1.775377459035013761e+00
-1.812575610294185680e+00
-1.854841998277336534e+00
-1.733254990813763774e+00
-1.723205082109525055e+00
-1.745529956373286673e+00
-1.728829228515140537e+00
-1.756380083708897422e+00
-1.823223317442328906e+00
-1.858569914449950344e+00
-1.834351019636816904e+00
-1.863139094086589731e+00
-1.758745790285974442e+00
-1.757174213157121967e+00
-1.735913423063808247e+00
-1.713372871421117161e+00
-1.783140788295974888e+00
-1.804385047488286542e+00
-1.832490945585391495e+00
-1.722933736443057917e+00
-1.813600475225205955e+00
-1.740646735278512214e+00
-1.794322225077751076e+00
-1.761558682855880686e+00
-1.768739548013973373e+00
-1.833287992006336742e+00
-1.873429846065202353e+00
-1.767422875942682214e+00
-1.856528613171981590e+00
-1.887262017541728065e+00
-1.783794708533457118e+00
-1.853349903788453323e+00
-1.763890199207753584e+00
-1.852872340336795709e+00
-1.884749467204776652e+00
-1.755608030307292289e+00
-1.720031276937347364e+00
-1.801065539036038832e+00
-1.753392252928554829e+00
-1.879597219732283220e+00
-1.770991683929763694e+00
-1.814375860316604916e+00
-1.771126852639397731e+00
-1.812509832534680454e+00
-1.776090988844427621e+00
-1.781640614627372887e+00
-1.870687772569299856e+00
-1.859603050807257629e+00
-1.796390515583775827e+00
-1.802989311409120443e+00
-1.857072454660088967e+00
-1.827789506300421252e+00
-1.821637041305273819e+00
-1.812738301142988506e+00
-1.753842519702010438e+00
-1.731366116649025955e+00
-1.859187849675518089e+00
-1.771915766016916693e+00
-1.792869142596399179e+00
-1.770021629841490807e+00
-1.804458832569934001e+00
-1.777132265821964596e+00
-1.805001509897731893e+00
-1.800979316185243428e+00
-1.908215894346922292e+00
-1.777980224252483810e+00
-1.890211121787829240e+00
-1.747845273162852209e+00
-1.764050384184814968e+00
-1.834057571289387623e+00
-1.756405668937889963e+00
-1.832815719067819371e+00
-1.845546317543732329e+00
-1.785734339247909030e+00
-1.869431928632225404e+00
-1.765237244943537620e+00
-1.807349036631670458e+00
-1.852244253400819884e+00
-1.803489284615570565e+00
-1.799757030096623911e+00
-1.814255613881551099e+00
-2.016095937545418160e+00
-1.793114289694891950e+00
-1.730647360988619932e+00
-1.894248350456803065e+00
-1.808265534393481033e+00
-1.818015275982907797e+00
-1.801201554643975467e+00
-1.810722414296756622e+00
-1.732306333343220039e+00
-1.868737655841025580e+00
-1.868016443760317502e+00
-1.821681720454892517e+00
-1.837209922791872119e+00
-1.743632562546685749e+00
-1.854101173500527722e+00
-1.744493253709791691e+00
-1.748206850142904667e+00
-1.826860473951904096e+00
-1.775094703458247380e+00
-1.765656647854268346e+00
-1.785898159378471073e+00
-1.775426358413729089e+00
-1.797236666952145789e+00
-1.763827806896404393e+00
-1.839390083538326781e+00
-1.773362873847370569e+00
-1.852555212521274308e+00
-1.735027410879526499e+00
-1.834375453881952556e+00
-1.859251150012761755e+00
-1.792644821139547373e+00
-1.888198105818298389e+00
-1.815547380314713077e+00
-1.794643248429475202e+00
-1.843579184571875862e+00
-1.729798860636907465e+00
-1.762815533906752163e+00
-1.896318651713271075e+00
-1.885442288217137330e+00
-1.821787097425012325e+00
-1.844909994379587026e+00
-1.731678805325941317e+00
-1.762331367664166981e+00
-1.826100384753554851e+00
-1.797079802333150456e+00
-1.766370654299018961e+00
-1.806342454463287117e+00
-1.864314118030044432e+00
-1.763908941914787532e+00
-1.807146340596898160e+00
-1.898989531821219101e+00
-1.809461739455780149e+00
-1.807806504893727961e+00
-1.755056024398998771e+00
-1.762987358174986419e+00
-1.820038347458341255e+00
-1.788894179302738641e+00
-1.848466618766991809e+00
-1.792338594458797951e+00
-1.767830345988215202e+00
-1.777025076895685451e+00
-1.820824856691890981e+00
-1.839314287282307392e+00
-1.801829425786782846e+00
-1.711912033560716306e+00
-1.777940620772322733e+00
-1.744796466093451404e+00
-1.761415891515951015e+00
-1.750558467467931978e+00
-1.856883016035509648e+00
-1.813242243057441527e+00
-1.951826464619478285e+00
-1.870840242388079000e+00
-1.790692402919559667e+00
-1.788383436744503729e+00
-1.814638465796906575e+00
-1.826065824990597442e+00
-1.758663568128880472e+00
-1.802247545723766775e+00
-1.830281276378667776e+00
-1.781236167300592754e+00
-1.895162483087271310e+00
-1.750762242593387974e+00
-1.869300943268925819e+00
-1.780382211136435355e+00
-1.788287119545267201e+00
-1.727990932644172251e+00
-1.845724001036960882e+00
-1.768339615527679376e+00
-1.877651372167995492e+00
-1.738484033561540132e+00
-1.729088743578675036e+00
-1.762308381942242264e+00
-1.804072603874688374e+00
-1.783108496438847945e+00
-1.799570973580679745e+00
-1.723905647742495439e+00
-1.835333930221471954e+00
-1.853312034746759540e+00
-1.899916951628866979e+00
-1.821087378482556307e+00
-1.827634570491057930e+00
-1.842983912039884098e+00
-1.758053981926692710e+00
-1.831146908340128610e+00
-1.719864567065248595e+00
-1.728614354432253863e+00
-1.757208412411413345e+00
-1.875204057004748570e+00
-1.729080743276657506e+00
-1.755341200524604517e+00
-1.719964765478902757e+00
-1.778101505487987399e+00
-1.740884425987253348e+00
-1.808927718190079803e+00
-1.808399474047517108e+00
-1.838808855505219109e+00
-1.734825468107119795e+00
-1.843048010233560241e+00
-1.793391046663765254e+00
-1.830262879665369047e+00
-1.730587479517018634e+00
-1.788469700309803567e+00
-1.859538461512328489e+00
-1.733099242480595770e+00
-1.882296099897414310e+00
-1.753715335815204668e+00
-1.803386256248795005e+00
-1.739437142638110556e+00
-1.756469521806190315e+00
-1.887141102972894169e+00
-1.750232510286715559e+00
-1.759664530033740348e+00
-1.758420656579503083e+00
-1.923535080478474768e+00
-1.795710138510091092e+00
-1.786659868610795954e+00
-1.730777122982877225e+00
-1.881342874681871447e+00
-1.792400569262188270e+00
-1.796170786254210894e+00
-1.884210474677058489e+00
-1.760549863403797710e+00
-1.846199595867400456e+00
-1.842540101471577652e+00
-1.866427082700697460e+00
-1.814026359964658663e+00
-1.819791103177596181e+00
-1.800373853828113102e+00
-1.784284539793937752e+00
-1.718806055940270028e+00
-1.818780531878061657e+00
-1.824707176081826310e+00
-1.793349618545122759e+00
-1.777103670824292880e+00
-1.816608595177396923e+00
-1.877345614299672727e+00
-1.846507532333825141e+00
-1.862471162714278927e+00
-1.832795537665572239e+00
-1.785405136314228924e+00
-1.844956182007415180e+00
-1.811842212083662140e+00
-1.769271221243183589e+00
-1.845528225188932225e+00
-1.754466202088129201e+00
-1.949950645921662007e+00
-1.784539575309215031e+00
-1.854154853575138207e+00
-1.758512668787368005e+00
-1.736566295546809746e+00
-1.765919204287466515e+00
-1.823452215862909620e+00
-1.839282267593359776e+00
-1.801317239538565262e+00
-1.787894824131122773e+00
-1.825087243993972708e+00
-1.861500221391487075e+00
-1.776361390210163815e+00
-1.816569618452475998e+00
-1.802535335364592983e+00
-1.741212668233090399e+00
-1.870668833284325761e+00
-1.824366503663889638e+00
-1.792884222885757772e+00
-1.793042242229668570e+00
-1.768285081033436956e+00
-1.829715978935988696e+00
-1.821833784726099470e+00
-1.804589104522178022e+00
-1.739047276802391906e+00
-1.840000499996374383e+00
-1.707562159680658720e+00
-1.767281334630138145e+00
-1.739258353722410444e+00
-1.822250354147662676e+00
-1.805388695436780377e+00
-1.793288857530032754e+00
-1.779370466025230746e+00
-1.804412846915401714e+00
-1.920908437956786896e+00
-1.759836365775998557e+00
-1.846545099541849533e+00
-1.841086607137059517e+00
-1.838724257493179026e+00
-1.842459128980171945e+00
-1.800949254888055462e+00
-1.734287896328304379e+00
-1.855774122235654078e+00
-1.725813407869800198e+00
-1.845689473653007839e+00
-1.771288339087494501e+00
-1.829557230507682375e+00
-1.758141011232792428e+00
-1.816737367491409350e+00
-1.776934032610305803e+00
-1.864177169472128526e+00
-1.864722176701387957e+00
-1.708801811700908502e+00
-1.748419214539293831e+00
-1.809858621358616304e+00
-1.827893019617532699e+00
-1.805905413298582118e+00
-1.804719437110148039e+00
-1.834076576882148979e+00
-1.818543106324377545e+00
-1.729994933529922507e+00
-1.819613412513616302e+00
-1.727768368973046975e+00
-1.765046927718819880e+00
-1.781969889044015209e+00
-1.799449918809327364e+00
-1.736379272972500942e+00
-1.768395813545135864e+00
-1.779768409074266255e+00
-1.824810926128767941e+00
