-1.509044351269666739e+00
-6.023566789295109913e+00
-2.365116997131636367e+00
-4.902146028740753891e+00
3.238232347062250382e-01
2.694978745909407669e-01
-1.445465165854943057e-01
-6.727876276467231742e-01
-5.542165336557258293e+00
-1.030032128109965341e-02
1.845103055319665675e-01
-1.762790391458932904e+00
-2.641254936164993961e+00
-4.744560991320298626e+00
-3.871086305278598427e+00
1.234849326271953290e-01
-9.428958254114578885e-01
-1.727845174880054402e-01
-6.379989284210255684e-01
-1.217025212947370871e+00
1.215607410180414849e+00
-3.826578548724468565e+00
-3.614728032479232134e+00
-3.949766960502721247e+00
-5.980046336171020993e-01
