3.674864598305706553e-01
3.702735567056622545e-01
1.974189126962845320e-01
1.578989706033696039e-01
3.285973548427250646e-01
1.315495146039484531e-01
1.491721759010479209e-01
2.280192587317420583e-01
2.456104761910329615e-01
1.799362957363734583e-01
2.689798524783276745e-01
1.331459307531335789e-01
3.051838905337727059e-01
2.943153578538878490e-01
1.923154681490035489e-01
3.376813906469623427e-01
3.409951705746531725e-01
2.515905052392705121e-01
3.681795046703355556e-01
3.307206854415942199e-01
3.261345114239790344e-01
3.549685352266852556e-01
2.000656168555847991e-01
3.364059675847041464e-01
2.770697155304966408e-01
2.851707679259244954e-01
1.917202782250230220e-01
3.233178467213271290e-01
1.912467036906832507e-01
3.025048232375408541e-01
2.286528454081718231e-01
2.073517748737967736e-01
2.337186864724959678e-01
1.510354375085780354e-01
3.005235744049573055e-01
2.187808452884080213e-01
3.377658199652923687e-01
3.124742014184408445e-01
1.442680849293760392e-01
1.714462458491281815e-01
2.449475176478915772e-01
3.206348763658125600e-01
1.756920742696374549e-01
1.888294287429957141e-01
2.263240036468115446e-01
2.746460137885121111e-01
2.187598393086892801e-01
3.803478064057745911e-01
2.592301649101771410e-01
2.981144484910779879e-01
1.813939001537731299e-01
3.753734125330838722e-01
2.152352841514984794e-01
3.086922396916525480e-01
3.715773166981156117e-01
2.644452724784645548e-01
1.889887194590216535e-01
3.364144127160210718e-01
2.096462623337875530e-01
1.412470380720503849e-01
2.517573168276098228e-01
2.311837783745263886e-01
1.424416440486582502e-01
1.878129910862343099e-01
