2.759656055064802199e-03
-3.532475038676231166e-02
-3.416140856077968385e-02
-3.790169873296760777e-02
-5.831335110933722268e-03
2.751628416746405847e-02
5.855972369426389740e-03
-2.724976322101889392e-02
3.536562270834530536e-02
-1.895055707702343259e-02
-4.178340436095943217e-03
1.722699367128456560e-02
-3.149066914459576483e-02
-2.149108804361964456e-03
-2.326558429328186295e-02
3.327588664287482907e-03
-2.064493477828467302e-02
3.215039775687394269e-02
3.759403380641558601e-02
-2.733799225457394025e-02
-1.270309751738927552e-02
4.049051298655247794e-02
-1.705892769651476317e-03
-2.364467313874974580e-02
4.738607678719940902e-02
1.023133781236029889e-02
-3.049822979646547513e-02
2.903629857165857843e-03
3.637933035031856721e-02
-3.749481194917689969e-02
-4.498104002740081070e-02
-2.331741210993726332e-02
4.083884763975794557e-02
-3.254272450843621878e-02
4.491096353173957417e-02
-4.801897369199879112e-02
-4.033037713286648229e-02
-6.486885713707432957e-03
-2.601196717592999409e-03
7.947646169488743403e-03
-1.999737746827783338e-02
-4.899165193810352953e-02
-3.312558371161541948e-02
3.582285068447365467e-02
-1.721218260915301224e-02
-4.829501107942636012e-02
4.061327955325923916e-02
5.117807653393004891e-03
6.626194624367550898e-03
2.974436819981202129e-02
-4.311565206811925066e-02
-1.086749028685074329e-02
3.883489873490170857e-02
1.157662844992788861e-02
-4.696944674822529919e-02
-7.799467034614944623e-03
-5.077017655128684276e-02
4.353337351039941738e-02
-3.156235022960757891e-02
-3.944203213900045191e-02
-2.370184374547313830e-02
4.386501520474088422e-02
4.214672637998077842e-02
1.042736490292070668e-02
-3.067357334874734956e-02
-4.410441231958876014e-04
-2.967956739445811246e-02
3.050763774661824704e-02
-3.915765795666061727e-02
3.532258585389422972e-02
-1.484833627519606576e-02
3.517917209369961912e-02
-1.561400577479463495e-02
-4.840771206910773894e-02
4.249214445730271211e-02
-3.708467359472460839e-02
3.902938759744729869e-02
4.101458224088721204e-03
-3.300936653182957869e-02
6.078496824718782054e-03
3.969708597299538566e-02
-3.233856927478574728e-02
6.805373066940453158e-03
1.297168804090913403e-02
4.564981965492614924e-02
3.233562786072843864e-02
2.963576463090718607e-02
-2.662933464895321858e-02
4.761380437746634553e-02
-2.095739438415710268e-02
2.505910759210162181e-02
5.603513160349530599e-03
5.061644674979966230e-02
4.180635890786708192e-02
2.743591294636386554e-02
-3.762311210681023449e-02
3.365422976613150884e-04
1.261820658471949491e-02
2.318974501525918053e-02
-4.019908783923706319e-02
4.640693645563866154e-02
-5.564763439089744079e-03
1.612660046782970688e-02
3.930417374553578369e-02
-3.957161180806573891e-02
5.435862542659419426e-04
2.323524854888678673e-02
-3.365407202789549856e-02
3.638677683008498254e-02
3.582289795177347885e-02
-2.238361045121220472e-02
3.220835023435247163e-02
-3.173968850071740705e-02
2.931253877529891791e-02
3.431984651921447110e-02
-2.638729332330256444e-02
1.238827825982569825e-02
-3.780305015713796013e-02
-2.758429992399698272e-02
2.250518047231897176e-02
-3.290639381619542975e-02
-1.322853184449103957e-02
3.812324037915930386e-02
3.324402052165448956e-02
-2.765493091753960103e-02
2.750006676912992304e-02
-7.323567775080490252e-04
-3.870669355275519613e-02
6.907831342356299253e-03
-6.780422294745738765e-02
-6.637795926533415769e-02
-1.213595941880164265e-02
-1.467824151301879917e-02
-3.672831964993778647e-02
1.549453944704448118e-02
2.279398753748294003e-03
-3.872252189900469987e-02
-4.539229685125056868e-02
-3.145443753275856992e-03
-9.726564515268222230e-03
3.114500384015962686e-02
1.145354141494233854e-02
2.502364265953919628e-02
-6.027315869141935956e-02
-5.003663198068383083e-02
-3.606734405114524200e-02
-1.920240180008874961e-02
-1.770292326059472524e-02
-5.718746372706082909e-02
-1.016264782147447733e-02
-3.365794905721362570e-03
-4.263660043526117105e-02
1.703864948387628225e-02
-6.390558532265548652e-02
3.023419318171614162e-02
-2.958565787079604423e-02
3.365599111539190058e-02
-5.571128534959306905e-02
-8.286403802130267934e-03
-4.577856984527059470e-02
2.518374711788687673e-02
-3.498205605869279811e-02
2.472914782007650664e-02
-5.184282231369879111e-03
3.424567598047259520e-02
6.882381274583684915e-04
1.157835431889004188e-02
-4.234570907360764302e-02
-4.706977151537821563e-03
-6.644363098648453647e-02
-1.605889412782390835e-02
1.626476671290282700e-02
3.135868606582855461e-02
-4.654348687405859136e-02
1.469863864746198505e-02
3.910728340559822130e-03
-7.649183579994872162e-04
-2.032262296293895626e-02
8.151396296481780088e-03
7.609167627655394686e-03
-8.538404226529162921e-03
-4.816775360078503349e-02
-3.238829836432966652e-02
-2.645865301718314938e-02
-1.435763098952927939e-02
-5.014247592533854075e-02
-2.946619510721494237e-02
2.565280022189557127e-02
-4.515483363837145131e-02
-2.403002940731034653e-02
-3.845657901982241222e-02
4.388502018135505105e-03
