7.300521891683092734e-01 4.066658299426224032e-01 4.290483698148655489e-01 4.479109528271269514e-01 3.042518197032888505e-01 2.791352426627903283e-01 1.884146391044619340e-01 4.075679756934786346e-01 4.959760244881838975e-01 4.202287918895699637e-01 4.149648130839005411e-01
1.195269446145571735e+00 4.137807259093230217e-01 3.676626937208743451e-01 1.009657350868421899e+00 8.271980666466360876e-01 1.700495298064269578e-01 2.804037765360347101e-01 9.716785929348502604e-01 6.225576334683750046e-01 3.595373858476739737e-01 9.600929352215105128e-01
1.823768479344075599e-01 -2.089472781099388499e-02 -8.536124156742112834e-02 2.415163178853990678e-01 2.502537831264670665e-01 -8.535757426686987892e-02 3.596629353347511032e-03 2.848526696354313215e-01 2.646421734600342551e-02 -8.771441294850830517e-02 2.452123114388201908e-01
-2.191127151647518090e-01 1.905344929135503393e-02 2.250639198400704657e-02 -3.148045318159893302e-01 -2.520581320046825780e-01 8.395636361394091807e-02 -9.906451625371749670e-02 -2.723912618094214699e-01 -4.939271867444278152e-02 2.046264129574904694e-02 -2.905665002797145902e-01
-3.307047889346481639e-02 1.826534582009597396e-01 1.479197348241166332e-01 -2.477663307987059693e-01 -1.769875281413087476e-01 1.993320535343252875e-01 -1.057728058169025848e-01 -2.084444666243634725e-01 1.440603942571226370e-01 1.474261073113789233e-01 -2.370543827047464358e-01
-5.922855127806530007e-01 -2.349364133622952044e-01 -2.490968574909286359e-01 -4.625011057913878676e-01 -3.583267161803013745e-01 -1.557621931996111264e-01 -1.893680260540131777e-01 -3.894857845354238179e-01 -3.271154829392010077e-01 -2.483698602922374266e-01 -4.256308454289571830e-01
-9.999022497517796593e-01 -4.663700558919764982e-01 -5.880013799852362721e-01 -6.898827537933507337e-01 -4.412300958015459296e-01 -3.606347870042473924e-01 -3.597761944581396309e-01 -5.385366151805334178e-01 -5.994430749878938425e-01 -5.829927850957876689e-01 -6.307537860465071144e-01
2.839705233027738918e-01 6.153158931191282655e-02 2.311048759402295483e-02 2.726514210810869754e-01 2.433490639101816566e-01 -2.168921429067379586e-02 4.734447642815628465e-02 3.138747331348143432e-01 1.047723477446332457e-01 1.626119605110287747e-02 2.696401666648908235e-01
1.706543285187277270e+00 7.863778145504624062e-01 7.260221696258217783e-01 1.238572090151225602e+00 9.924702251589900825e-01 4.538267577406527864e-01 3.844730311010502444e-01 1.172154390489111853e+00 1.046179902177730492e+00 7.139021791419920548e-01 1.159060279679945404e+00
7.914826494222364506e-01 2.417803576049312175e-01 1.344931007082149077e-01 7.340868589405874500e-01 6.494201991959824838e-01 3.118645171082148546e-02 1.456756051141471775e-01 7.397730954713739315e-01 4.027464089129638714e-01 1.293949093837849784e-01 6.988568052019704657e-01
-1.257848247016961629e+00 -6.450667171247057574e-01 -6.723767089866835578e-01 -8.083577624156293995e-01 -6.193505260662696132e-01 -4.762459608942096745e-01 -3.142754719280780873e-01 -6.992985965823608208e-01 -8.117622394125059149e-01 -6.690408400322698235e-01 -7.446820386680971238e-01
-1.385672737371535179e+00 -4.899184555789157791e-01 -5.615694561311527222e-01 -1.130475793653562766e+00 -8.483619613596217190e-01 -2.899280488985738757e-01 -4.351222199246103650e-01 -9.885436896124626394e-01 -7.082450349144194801e-01 -5.566621009697410027e-01 -1.059676340945108208e+00
1.738403893257962629e-01 1.620073041748542886e-01 9.670398390396910127e-02 5.385124002232049428e-02 8.020589905015597376e-02 1.068796743740842853e-01 -2.567385456775540808e-02 7.412549028110498872e-02 1.870256214892466462e-01 9.560058491313236373e-02 4.510404219572100581e-02
8.121377171373090897e-01 1.881156175040695766e-01 1.071009945209727005e-01 8.042201166497839893e-01 6.940714373758279931e-01 -2.440208210839514905e-02 1.743194847711379836e-01 8.125681017528761929e-01 3.524494582688130762e-01 1.002709952550760036e-01 7.708746779473355515e-01
2.836635360710911269e-01 -8.379937848649078591e-02 -2.590724891506904770e-01 4.751234332606534827e-01 5.233898667458306564e-01 -2.384239575790547960e-01 -1.493065193381954391e-02 5.506450152336159753e-01 2.104132766159363260e-02 -2.592812392804650923e-01 4.656274269787291642e-01
2.520597201661006759e-01 4.310961214727426771e-02 -1.104686009829875526e-01 2.991033495806378895e-01 3.500466613681528227e-01 -8.618307405645331265e-02 -2.743560870798919180e-02 3.636723850572754491e-01 1.156615061970426295e-01 -1.122449520864004929e-01 2.876956381446005850e-01
4.155156281798548235e-01 2.619197783709517613e-01 1.994160616043769707e-01 2.551175532767284704e-01 2.128705879904719822e-01 1.280110511383759087e-01 4.819324698761871112e-02 2.820763528994173486e-01 3.215570109385065267e-01 1.928003091976556449e-01 2.346181733755343668e-01
-5.569431322706269727e-01 -3.125059260791561155e-01 -3.725314528958399984e-01 -2.880832765509327986e-01 -2.077383842528347790e-01 -3.078352104955003332e-01 -1.611826238986241722e-01 -2.052347339377929292e-01 -3.644569172051392303e-01 -3.738557492927080950e-01 -2.634377055050981520e-01
-1.450826205925437096e+00 -7.644165553434050242e-01 -9.171322726393960068e-01 -8.645813311243332189e-01 -5.800738632201155598e-01 -6.494300996192281517e-01 -4.408655646478405465e-01 -6.797077536286919575e-01 -9.264313804513095718e-01 -9.129764405343534506e-01 -7.941041659122602958e-01
-2.607717016929502751e-01 -1.351056525326429780e-01 -2.608543619970475902e-01 -1.171486716367790976e-01 -1.446353843058777178e-02 -1.750848594653856005e-01 -1.326140002946147867e-01 -4.377180042589773334e-02 -1.416539502176576981e-01 -2.605685202410238377e-01 -1.096611887679333486e-01
1.609149393759823132e+00 6.951705976918932661e-01 5.527929892131496770e-01 1.237183465023574236e+00 1.071402692621947983e+00 3.505748459159903629e-01 3.042178314533206529e-01 1.198783225690594367e+00 9.711532927901084244e-01 5.453243403126685207e-01 1.159463762654487473e+00
1.253466928442138695e+00 4.150288563080153370e-01 3.749539112775688854e-01 1.073582454162723465e+00 8.742844054652763042e-01 1.554889983237446871e-01 2.996031883414747576e-01 1.043723245931466259e+00 6.295176293271528278e-01 3.649277239805588380e-01 1.023884925165240878e+00
-7.013660905483305452e-01 -3.657205481716748197e-01 -4.473906063526745802e-01 -4.487634635317977461e-01 -2.854520026185268788e-01 -2.922222224621982556e-01 -2.408525542043191692e-01 -3.347487428444009816e-01 -4.599816993255832487e-01 -4.458420707129366334e-01 -4.023955370831362455e-01
-1.269161416629470907e+00 -4.563872438805476883e-01 -6.281097010808928127e-01 -1.005974825155425467e+00 -6.619718908391689638e-01 -3.037873998205973258e-01 -4.720264435253089808e-01 -8.450016382537218762e-01 -6.372539212422255739e-01 -6.192091505169654564e-01 -9.439319029259827243e-01
-2.168071991244635566e-01 -4.297367905954767309e-02 -7.717243007564407453e-02 -1.686668304099923910e-01 -1.483468729159069799e-01 -8.339497697331672843e-02 -7.319789950869552697e-02 -1.154851579934974837e-01 -7.320218602380307305e-02 -8.157061058902433104e-02 -1.656088027781070782e-01
2.966858486561169683e-01 -1.263966077786442960e-02 -1.974123927038933801e-01 4.612679215303987501e-01 4.865211702091027379e-01 -2.073833886273858118e-01 -8.678280405123795643e-03 5.164727044901205044e-01 1.090167920588614586e-01 -1.974184303532494911e-01 4.359107296914587204e-01
7.758486927264861277e-02 -2.080013244205921319e-01 -3.723978175712608363e-01 3.735944907946759375e-01 4.235239981411874077e-01 -3.436830357269205494e-01 -3.872352789342925483e-02 4.546889791112266321e-01 -1.230375356651450675e-01 -3.735152225735669518e-01 3.706684092924495966e-01
5.212753572501819255e-01 2.296166951612189644e-01 6.932545724194975889e-02 4.224193290589035032e-01 4.426550916911645706e-01 5.776619259531879519e-02 1.422913192702329570e-02 4.793045032053803722e-01 3.340476774395015891e-01 6.573092046215757434e-02 4.023885999071568631e-01
9.520281220701080072e-01 5.519239459414309046e-01 4.395002445406961389e-01 5.751675010201729998e-01 5.245931275149471329e-01 3.576069634742113368e-01 1.177054037309133577e-01 5.731703484500250134e-01 6.889477405435999735e-01 4.355892967104945668e-01 5.338553373595706919e-01
-2.225044295743504041e-01 -5.001014330683761083e-02 -1.793937454951218535e-01 -1.847147503767282983e-01 -5.277136138282824407e-02 -7.422151601470540483e-02 -1.804342979187854579e-01 -9.866809370692347647e-02 -6.682160983585708203e-02 -1.768255220128623351e-01 -1.682805521666083104e-01
-1.665249346375373030e+00 -7.254691441786078610e-01 -8.225282902158859155e-01 -1.227158973691878874e+00 -8.799741085067830371e-01 -4.781991024866559803e-01 -5.142642588630553790e-01 -1.053565403337494377e+00 -9.718143917575401414e-01 -8.138990619583427177e-01 -1.135877796749250823e+00
-8.511614221836384386e-01 -3.240174044801015230e-01 -3.981530784093664233e-01 -6.856836806320943944e-01 -4.724902198188621893e-01 -1.800131080011811713e-01 -2.890720359288720953e-01 -5.936004747236283130e-01 -4.580468076567879021e-01 -3.935315301994672388e-01 -6.375263506782387068e-01
1.224686733924878368e+00 5.434708305989521815e-01 4.095543595813430082e-01 9.311417874492734503e-01 8.170548460781851263e-01 2.558640970892732680e-01 2.117247235261045524e-01 9.357900337610763897e-01 7.402914190416702844e-01 4.012325705475918158e-01 8.746329954444383992e-01
1.452994928289030874e+00 5.472379233419077948e-01 2.840163190037144902e-01 1.242137741273382279e+00 1.181890216582728304e+00 1.799124764506853102e-01 1.984012115985910596e-01 1.241896878954892980e+00 8.397157798529847339e-01 2.840594971475780550e-01 1.167473857637866264e+00
-1.401669489166205984e-01 -1.258644424745160029e-01 -3.327751515666563797e-01 1.359606573759029012e-02 1.814084689234356507e-01 -1.877050500850417358e-01 -1.782751667715465893e-01 1.044833537000103008e-01 -9.346936458878721266e-02 -3.263603827692507786e-01 2.224742760106019485e-02
-8.871895312044852933e-01 -2.418753010459353259e-01 -3.615703367562587145e-01 -7.983885851747450912e-01 -5.484324427722337969e-01 -1.325594017374801259e-01 -3.643218172934801768e-01 -6.569621968303871462e-01 -3.868391233677131447e-01 -3.586396724814882586e-01 -7.436853253393824748e-01
-3.265920698951998991e-01 7.906526814217809673e-02 6.738562550738234902e-02 -4.857102470360469271e-01 -4.030480030405290126e-01 1.323139532269548002e-01 -1.626130532428713971e-01 -4.195615029486428615e-01 -1.254352107199382255e-02 6.393396655981800625e-02 -4.583388537501770776e-01
-1.786434400294132918e-01 -6.832078236028363283e-02 -1.087380255702416199e-01 -1.325286880792284350e-01 -7.458413081561876545e-02 -5.786156069521250500e-02 -9.085412148054153314e-02 -9.901345231409978964e-02 -8.408600179019695697e-02 -1.072474313066824475e-01 -1.206091005613648404e-01
-3.647032378207000214e-01 -3.238252550959458409e-01 -4.139255403582245973e-01 -7.004392520464573779e-02 2.541217103108408745e-02 -3.156115075102891576e-01 -1.200149784278843751e-01 -5.859725760518239186e-03 -3.330979029745986808e-01 -4.118952935627800960e-01 -4.924791739237671662e-02
4.930492845397529411e-01 1.146449518136195972e-01 1.058125606314627848e-01 4.638546729272444158e-01 3.765679191538768844e-01 2.711871749459483782e-02 1.426160317281839618e-01 4.462522456507098667e-01 2.038132013266759357e-01 9.966378713770042419e-02 4.465665965031184736e-01
1.402018216858688548e+00 6.998731229082773009e-01 6.365792379935978351e-01 9.412636083897678585e-01 7.763529361507178761e-01 4.484523082883949963e-01 2.791747180445057208e-01 8.981662173386050219e-01 8.963234030391811213e-01 6.277228750345346109e-01 8.819146064787044548e-01
3.179379597123422885e-01 1.996207510746507430e-01 3.837584958964157522e-02 2.125906859721969078e-01 2.876614731955761672e-01 8.924320880111372145e-02 -5.601864669702411731e-02 2.437512769663023882e-01 2.762239475953058854e-01 4.289613836709018496e-02 1.954095567740860018e-01
-1.569208377465349358e+00 -5.839050059704998796e-01 -7.138102298882080810e-01 -1.240613870171949795e+00 -8.735640908788065984e-01 -3.537543218972457604e-01 -5.244418408376090301e-01 -1.091640654186087023e+00 -8.104415354801624005e-01 -7.004616411818093136e-01 -1.163208269042024456e+00
-1.314112560722380696e+00 -3.677898510090317763e-01 -4.826718432117186319e-01 -1.181899095441234504e+00 -8.503904590986393064e-01 -1.667530110945130151e-01 -4.811126663931815650e-01 -1.029058403231189800e+00 -5.869370507411362237e-01 -4.750344471216779163e-01 -1.109623202434159017e+00
6.661193916329324338e-01 4.050902001991489310e-01 4.059658259425442117e-01 3.491017001406255260e-01 2.679233092407026229e-01 3.221316138458457656e-01 1.266938577250571740e-01 3.155466377025030744e-01 4.830049259508000237e-01 4.008102776102291931e-01 3.261271434998778695e-01
1.338980742381956635e+00 4.522413194160969652e-01 3.429545474791532156e-01 1.159080024002985931e+00 1.010770208101205103e+00 1.890409251719667172e-01 2.902154874608426915e-01 1.088112383150639628e+00 7.110519343011074689e-01 3.411695755579836620e-01 1.091757843945629469e+00
2.576910458433758211e-01 -6.954531984600365035e-02 -2.083021647357138906e-01 4.202020622593343191e-01 4.591580625045412201e-01 -1.674734951142247130e-01 1.300070190977869675e-02 4.348335059554341853e-01 3.476793658585881214e-02 -2.043651002325535260e-01 4.052511420536604181e-01
-3.702052553680328928e-01 -1.266979160226330559e-01 -1.847450329165887806e-01 -3.041137138541144536e-01 -1.909038406943602273e-01 -6.059333779943522347e-02 -1.396057406909881060e-01 -2.744913026824542523e-01 -1.702934966800231653e-01 -1.809745883018974988e-01 -2.858802541749717041e-01
-1.285279874673506961e-01 1.436672375948884472e-01 1.860360994209939167e-01 -3.398593186835311974e-01 -3.205716583213904514e-01 2.077194120139803091e-01 -6.281234350581643699e-02 -3.222000015412365137e-01 6.956505788362744858e-02 1.817886799753991034e-01 -3.213975916559804746e-01
-4.543118005394388703e-01 -1.188411380047445648e-01 -1.274789807161393063e-01 -4.167585971095410513e-01 -3.324958317282215026e-01 -4.039857457950822572e-02 -1.446646495634013874e-01 -3.846325837367516320e-01 -1.965370974576863827e-01 -1.249576887650313828e-01 -3.924463437823396683e-01
-8.976807788106033748e-01 -3.872832308728427764e-01 -5.220392591785776304e-01 -6.378515226711991559e-01 -3.898219558666721207e-01 -2.748373078202523412e-01 -3.257724406735744704e-01 -5.415802032408039146e-01 -4.948457938097208242e-01 -5.118110175217857050e-01 -5.948951206935394476e-01
1.651649793142587752e-01 1.366654736435546913e-01 -3.242077726298678211e-03 6.087718481601172432e-02 1.722851601409541855e-01 1.091749978577932628e-01 -7.412781714908905917e-02 8.096023196666876642e-02 1.720587240106034033e-01 2.479275058587927880e-03 5.495913856747174780e-02
1.617462993950329109e+00 7.590916726743196508e-01 6.857603710699007316e-01 1.145136667382528506e+00 9.612397574892986851e-01 5.029991090218748351e-01 3.521022917828220411e-01 1.030899619618963037e+00 1.016441450246586164e+00 6.825843593819231891e-01 1.064381341946301962e+00
9.065731206489971994e-01 3.177842049751306575e-01 2.975817777366294159e-01 7.596548953860148279e-01 6.229639695291078194e-01 1.714630834217175659e-01 2.376812422544657688e-01 6.773108343913323282e-01 4.827495644877717318e-01 2.964538805866225868e-01 7.127360720342414968e-01
-1.185104503370462581e+00 -5.660390298556704503e-01 -6.836073834821709827e-01 -7.949960779567262215e-01 -5.166079685865575533e-01 -3.947681750086753927e-01 -3.698060490806736045e-01 -7.015412042335605891e-01 -7.061959174059189159e-01 -6.710573309890481841e-01 -7.422153547472368773e-01
-1.515946909919681396e+00 -5.262114332533549543e-01 -5.646816074224172421e-01 -1.272847097070308964e+00 -9.666498556618505766e-01 -2.425278793700880176e-01 -4.501302629524083221e-01 -1.170829810640846347e+00 -7.678699636061411260e-01 -5.549477613686710775e-01 -1.196322731948226581e+00
1.001954349720410031e-01 1.666749817728381822e-01 2.046696753669535185e-01 -5.897242192152779561e-02 -1.040734960765731243e-01 1.648145600464808180e-01 3.377985267259445840e-02 -7.735686333350562383e-02 1.573776851689846490e-01 2.000261670133194891e-01 -6.317037892427868062e-02
9.578598157200254315e-01 3.693928395898967709e-01 2.244263878204613982e-01 8.071559639852114998e-01 7.498041186206739761e-01 1.578299296282676401e-01 1.600643545379790145e-01 7.635645748993343807e-01 5.662197222449775191e-01 2.267268473624658442e-01 7.529632151257744654e-01
3.757439405845995894e-01 4.240078631684096599e-02 -1.430659044964285309e-01 4.568179262617241276e-01 5.210509150560858060e-01 -8.248239123546119433e-02 2.560309181409551639e-03 4.669820702256844425e-01 1.643664154108552544e-01 -1.360665759303995581e-01 4.322236426003099319e-01
1.095804961086356277e-01 1.006605482915155919e-01 -2.116423923250234165e-02 3.700419197978220553e-02 1.328636601684482499e-01 7.734442345184779077e-02 -6.690861578048500069e-02 5.425546690626144308e-02 1.299926676683677285e-01 -1.642444697992981664e-02 3.200133494879470880e-02
3.076520065258138703e-01 2.463875228944312212e-01 2.481503827147763797e-01 9.036626088601273921e-02 6.624872549717025771e-02 2.304117056765741800e-01 4.622503213173904946e-02 6.409377598394581932e-02 2.727945357725640729e-01 2.462212839783426144e-01 8.015586456005642513e-02
-4.335391097401913862e-01 -1.813614458488556347e-01 -1.249638774181026507e-01 -3.320441826934010798e-01 -3.199751105505945215e-01 -9.660894801192304593e-02 -6.863708445878242970e-02 -3.257474407939845995e-01 -2.524183168797971000e-01 -1.261070046756180840e-01 -3.091741557432854948e-01
-1.346929259666797440e+00 -6.790620594303704571e-01 -6.653194521524882221e-01 -9.067162154606464020e-01 -7.133281220328581140e-01 -4.457617129790628074e-01 -3.148980350263375083e-01 -8.223614677357666825e-01 -8.704978085684464961e-01 -6.600992671044420002e-01 -8.357694274056673978e-01
-3.706023831505698141e-01 -9.437596931942036915e-02 -1.752211561327255418e-01 -3.508952280889252595e-01 -1.982565064287780954e-01 -9.951352064494213903e-03 -1.719398780850796005e-01 -3.170532011994857680e-01 -1.464862668553128799e-01 -1.688830273890255529e-01 -3.293473380402811568e-01
1.523012921199174974e+00 7.465602269989888295e-01 7.293633059159733145e-01 1.048577671357067365e+00 8.100725147507487067e-01 4.706980592284671361e-01 3.621940273614310812e-01 9.712153187605440108e-01 9.642306133340097229e-01 7.184382699597126054e-01 9.763266687801558374e-01
1.370124038613329764e+00 5.490503728660881544e-01 4.928830809998482332e-01 1.087989213412649203e+00 8.864250293605592246e-01 2.684211542842785958e-01 3.120173746752873956e-01 1.035983705595708182e+00 7.800854246374091527e-01 4.849296749482320812e-01 1.025089972613138389e+00
-6.247291146707729670e-01 -3.039493003800839976e-01 -3.451104108265480863e-01 -4.142085574473690635e-01 -2.989050388923347179e-01 -2.422681345831012856e-01 -1.923926851556108097e-01 -3.293967357196022627e-01 -3.867750425102374767e-01 -3.435076636234091207e-01 -3.780587207483039336e-01
-1.404110048092410468e+00 -4.403527994906161758e-01 -4.509989765873514411e-01 -1.230554417273882484e+00 -9.740781052177983623e-01 -2.074629323076285781e-01 -4.234549858492104302e-01 -1.095316168701757409e+00 -6.873518129674668353e-01 -4.472855442108198964e-01 -1.153017875648261859e+00
-3.046055079727976733e-01 1.058447698076761118e-01 8.070236988675230649e-02 -4.817867220849590959e-01 -3.795155411280013436e-01 1.587300757096514747e-01 -1.697913739481046180e-01 -4.291586444412327506e-01 2.345004719657295053e-02 8.129762841055739042e-02 -4.623085624441262143e-01
4.390569848260152952e-01 2.066188688915457927e-01 1.868814480504343012e-01 3.194008902636337188e-01 2.570413301066727940e-01 1.034292430876191937e-01 7.830127670929960815e-02 3.176454089577517848e-01 2.788437137482339678e-01 1.837561588991771799e-01 3.013841480212297030e-01
1.854707819090016807e-01 -1.979368274052813528e-02 -1.542080790865850148e-01 2.773820300028767560e-01 3.311961516866555599e-01 -1.292579852079419611e-01 -4.106405700929000729e-02 3.393846136919517753e-01 4.902014477440726908e-02 -1.527663887151570477e-01 2.724625355091303547e-01
3.920045171131620321e-01 7.650928146751732883e-02 -2.579646289935391690e-02 4.160523681878508517e-01 4.038959407798365375e-01 -6.430269194362984997e-02 4.562821976794979167e-02 4.660878765610299568e-01 1.598089623311377272e-01 -3.052156064690690965e-02 4.016693059904831165e-01
8.372948882854445163e-01 5.030860072980809505e-01 4.978623811785763409e-01 4.859401818529451300e-01 3.496349598584821972e-01 3.416633080591793270e-01 1.869156976375928869e-01 4.514551821529220743e-01 6.062561087267881454e-01 4.897510672856925651e-01 4.450847729857615453e-01
-1.125572832329072154e-01 -2.762928500613768407e-02 -6.182761136604485175e-02 -6.902281795114678653e-02 -5.696737493825732024e-02 -6.613865151203546233e-02 -5.213094504044785138e-02 -3.519843622880762524e-02 -3.138489579839892629e-02 -6.364106070686197103e-02 -6.654588686800097519e-02
-1.563623698499613468e+00 -7.178043091439014756e-01 -7.719971863891992303e-01 -1.083161042737103008e+00 -8.231893512332731921e-01 -5.216224088190164476e-01 -4.291139308150366816e-01 -9.364966926978807171e-01 -9.320411867981276410e-01 -7.661405037850701483e-01 -1.007196569516817020e+00
-9.571166419310878082e-01 -3.334152963545449211e-01 -4.161034618759217873e-01 -7.682219489277154478e-01 -5.564030419631730284e-01 -2.216585200899660046e-01 -3.199285230401938129e-01 -6.560258886383605326e-01 -4.751449677560759532e-01 -4.119391886267437797e-01 -7.223636353078343175e-01
1.139545665343767000e+00 5.442416282775998093e-01 4.788283859367871154e-01 8.130580792474457752e-01 6.797467236745976527e-01 3.240152247004725594e-01 2.355295379330989980e-01 7.621077358183523387e-01 7.245639750382023569e-01 4.740275204985983648e-01 7.544440395834718371e-01
1.573930892159915329e+00 5.379062841047235199e-01 4.701222520301464036e-01 1.360194404346606323e+00 1.111503700718939225e+00 1.901216237101465978e-01 3.827773408770318020e-01 1.305510196569639403e+00 8.205359671770138252e-01 4.600989249909052670e-01 1.283823603811744762e+00
-5.437523560221877578e-02 -1.972005122185457315e-01 -3.731041545133966797e-01 2.064724429599016642e-01 3.035123533106525717e-01 -3.085605571615421261e-01 -1.010756270094550352e-01 2.952667883202735877e-01 -1.396448597797037006e-01 -3.703582128555660824e-01 2.063342124634610086e-01
-1.023554125865432152e+00 -4.198730480310345903e-01 -5.634748155675881609e-01 -7.411829554254355523e-01 -4.793717140949273481e-01 -3.286958070858715941e-01 -3.682551289682115536e-01 -5.983258366571874154e-01 -5.545299943406912790e-01 -5.574495710622633382e-01 -6.937159046238132731e-01
-4.306638281158955417e-01 8.718476397460837857e-03 -9.304284575843967467e-03 -4.931185820242097728e-01 -4.247887168374013811e-01 3.707587396694600468e-02 -1.500693647669772424e-01 -4.383622228552610522e-01 -8.099140014748110183e-02 -1.158786282477563059e-02 -4.779082029476128812e-01
-4.546121115973739135e-02 -5.409838181153156511e-02 -9.986021741015038700e-02 5.727653471003622820e-02 4.608808227599052454e-02 -1.321289518248089656e-01 -2.218318517398921302e-02 9.248312067465108699e-02 -3.182580943589002898e-02 -1.029391987159265776e-01 5.256194560490463907e-02
-2.448230504980073996e-01 -2.907337845294770129e-01 -3.921789717819638699e-01 8.296949709130868600e-02 1.243786222355147408e-01 -3.688546224272902796e-01 -7.384901687249659230e-02 1.542738255919234580e-01 -2.644583387540192509e-01 -3.932802575907812237e-01 8.888355529000938060e-02
3.789981402370066199e-01 1.094716528640842929e-01 -4.531722579241578147e-02 4.021877841838963907e-01 4.191736976619832022e-01 -5.152016560547830609e-02 1.986496937513809041e-02 4.387412950604449025e-01 2.137313110950890549e-01 -4.633027515006631764e-02 3.771214596842394906e-01
1.286025438323446624e+00 6.177606308518956979e-01 5.065991340569307999e-01 9.322567861104386067e-01 7.959485414865845598e-01 3.356074524785447877e-01 2.396525831741953827e-01 8.997564921194012300e-01 8.308197830017367558e-01 5.002369006490998693e-01 8.665898796649209590e-01
4.181840634557192904e-01 1.667538899532559349e-01 1.259786475932329897e-01 3.485970954548142653e-01 2.848530909333969463e-01 3.584346686833947415e-02 6.629536664648252864e-02 3.742812329710512032e-01 2.433990320131768359e-01 1.197049163288645551e-01 3.344646873854750235e-01
-1.471033537483770193e+00 -6.373486368771362764e-01 -7.140192679942074516e-01 -1.076559703616007502e+00 -7.910695962125957603e-01 -4.449321943175026939e-01 -4.484320108187349607e-01 -9.098430007480433623e-01 -8.564025026078895264e-01 -7.082826103426733688e-01 -9.967492687845944666e-01
-1.420924323987614590e+00 -5.253828062031324908e-01 -7.175939180241633908e-01 -1.112768689119347343e+00 -7.233682095499816000e-01 -3.506053621688672850e-01 -5.263285439839963109e-01 -9.372574571182434866e-01 -7.264669781131658510e-01 -7.058961828017603635e-01 -1.044411485120792626e+00
5.776704644619246043e-01 2.905115508582780115e-01 2.079842128041426430e-01 4.465165435719342657e-01 3.710683607642241699e-01 9.984693736715843926e-02 1.046352872466273787e-01 4.576931239864870382e-01 3.943529469100956475e-01 2.013368345963650330e-01 4.092837210884089916e-01
1.463975758799518134e+00 5.016326998235668411e-01 3.189714236997068242e-01 1.321343049580574913e+00 1.158811642552731058e+00 1.166145702937522455e-01 2.955267906842197756e-01 1.286231441851225288e+00 8.029901584688446947e-01 3.145914898998594111e-01 1.236314483125065866e+00
3.570699161350659456e-01 -5.930691825620929003e-02 -2.161826802269724568e-01 5.712750675271107692e-01 5.580460168034848678e-01 -2.563126577161514152e-01 4.563247163554578351e-02 6.198678161083251981e-01 7.278445577864801896e-02 -2.179159728611673452e-01 5.473620609944116477e-01
-5.026713924878855044e-01 -1.617658581921148364e-01 -2.875255230421122632e-01 -3.870157112851520531e-01 -2.323171119312990862e-01 -1.599350378095534542e-01 -2.243015521485821895e-01 -2.790887907709556082e-01 -2.237718601619178016e-01 -2.864765555998785573e-01 -3.623631503374084573e-01
-2.479268031261121497e-01 1.308052955708721987e-01 3.252045398495392176e-02 -4.140953646298216606e-01 -2.780803886621999732e-01 1.316843796746381134e-01 -2.009166960228550014e-01 -3.328795983265726566e-01 7.009803328781630261e-02 3.351640925692894735e-02 -3.994732821345135521e-01
-3.349183725063575867e-01 -4.044084511172395952e-02 -1.237601400157977566e-01 -3.286611038304592669e-01 -2.143357748994932921e-01 -3.926582773139102728e-02 -1.814819953464725522e-01 -2.536974141575492059e-01 -8.891489279962225267e-02 -1.216825359539570189e-01 -3.116229993102844209e-01
-7.713621263626261326e-01 -3.808763710100788180e-01 -4.871731257804570170e-01 -5.130508385309034969e-01 -3.064831517306612074e-01 -2.892438508469960534e-01 -2.780242017226763895e-01 -4.037141780887759102e-01 -4.829077388658920555e-01 -4.811226478692340325e-01 -4.685555493011619443e-01
6.524113678842771713e-02 -1.465103384157264051e-02 -1.341033208489176010e-01 9.530608487475517032e-02 1.881914605171854937e-01 -4.640066658038356773e-02 -6.897213390913928266e-02 1.454130143035283207e-01 9.501458391882702456e-03 -1.322430767672805596e-01 9.926756160202454549e-02
1.504227541472522800e+00 6.853497544913689232e-01 5.892895818958854282e-01 1.104250175260675260e+00 9.251410857186928016e-01 3.784265777255692575e-01 3.112552602445963768e-01 1.066062255803217562e+00 9.132243191554739736e-01 5.800119223091537712e-01 1.033087186766461052e+00
1.002236705970865671e+00 4.411808769896405358e-01 2.255981862675433547e-01 8.095362915247691360e-01 7.931171313310868554e-01 1.656909513472155926e-01 1.006658596704126107e-01 8.186016714524207982e-01 6.464556209236511641e-01 2.271195968733973058e-01 7.532843754926241697e-01
-1.088510532495993832e+00 -4.392458882241719875e-01 -6.218401000412404622e-01 -7.789466725852445261e-01 -4.808363906755334094e-01 -3.503145291100455139e-01 -4.162083893695412984e-01 -6.366825930022036450e-01 -5.629808723433720186e-01 -6.110674744162232219e-01 -7.308968282986642029e-01
-1.626395408882471250e+00 -5.208369907581190672e-01 -6.099842275908832212e-01 -1.379520144108892676e+00 -1.040854862740720366e+00 -2.889992114520998912e-01 -5.256915340694924277e-01 -1.211058043021130404e+00 -7.839536249126809464e-01 -6.029150869800358192e-01 -1.296585804502536465e+00
3.211524969490220632e-03 2.194653629918102700e-01 2.243133661475737173e-01 -2.372865132779790054e-01 -2.205528397025106613e-01 2.215226254920837357e-01 -5.941143149806376450e-02 -2.057878857625677349e-01 1.774830007540030563e-01 2.199567902780641682e-01 -2.294683477730534438e-01
1.083724831151815726e+00 4.607400389402783736e-01 3.824304556256784005e-01 8.418462319813113659e-01 7.136030896939208334e-01 2.305858529825239311e-01 2.162403240005612570e-01 8.063134955118564928e-01 6.484306696214193755e-01 3.782485955041780534e-01 7.892905845852515867e-01
4.908410436550916245e-01 6.182872621831460302e-03 -7.617024391727533761e-02 6.113411317431203251e-01 5.564168490048668758e-01 -1.341468457014444726e-01 1.185151766767794379e-01 6.124672812190787852e-01 1.310560765095388769e-01 -7.771954857490963320e-02 5.877991041547540041e-01
-1.317138995034954942e-02 -6.731880935036886615e-02 -7.557346847790220867e-02 4.848021441395308773e-02 4.866344724120043319e-02 -6.882967611771427519e-02 5.370232496627907158e-03 6.564938120980323699e-02 -6.453641119844572005e-02 -7.826242996821661246e-02 5.476594608341669307e-02
1.767324402872721967e-01 2.764635190443895385e-01 2.672761785155275960e-01 -9.045697440590809435e-02 -8.785489362534111557e-02 2.542494230388806509e-01 -1.542300945387403005e-02 -7.362417023455554432e-02 2.607475976283707975e-01 2.634592362539188160e-01 -9.259495716730144210e-02
-3.299641260888041550e-01 1.464584332142082786e-02 -1.125498230078292999e-01 -3.684848274870529128e-01 -2.093133803604410037e-01 2.012199138247726393e-02 -2.151594111102900220e-01 -3.065879623341661309e-01 -2.527002249806444348e-02 -1.056749649307650307e-01 -3.578990872524795419e-01
-1.219827394565207834e+00 -4.403488257549463269e-01 -6.235099892236738439e-01 -9.382329773516613347e-01 -6.058325865585663106e-01 -3.144264200075571614e-01 -4.612516157776587189e-01 -7.979497800016942533e-01 -5.920411166940753311e-01 -6.102320418007082248e-01 -8.852966139801273782e-01
-4.601503619805379919e-01 -7.678924173151172039e-02 -2.062361726853572386e-01 -4.477617722461560978e-01 -2.613576430567632891e-01 -3.991937343557491746e-02 -2.432461516751756314e-01 -3.560649755143702744e-01 -1.453657475982949310e-01 -2.014850182121179778e-01 -4.220494743574852436e-01
1.413794850449442642e+00 6.996409051129284240e-01 6.824793624948868320e-01 9.497824363226421429e-01 7.507800774725803539e-01 4.734332821563300153e-01 3.228945083391758786e-01 8.670761956492076816e-01 9.025591664776571044e-01 6.745753679759954879e-01 8.859017977030065882e-01
1.465985133638392002e+00 5.716743779706839890e-01 4.810613116994129634e-01 1.187283998647605587e+00 1.007423138024225784e+00 2.892198662701210288e-01 3.261110279385556199e-01 1.101712995969932551e+00 8.367058068212323008e-01 4.782360541636430096e-01 1.111006243527104420e+00
-5.254723204257081282e-01 -3.163148622905345153e-01 -4.361334643228942376e-01 -2.533699629653968777e-01 -9.884009329683986211e-02 -2.859293748019203774e-01 -1.930478754725015733e-01 -1.896809306049270227e-01 -3.475030868659083061e-01 -4.285786077907048353e-01 -2.335624760344891249e-01
-1.518053529732478424e+00 -5.388185748676019848e-01 -5.972998588214875060e-01 -1.241606047956396619e+00 -9.334326856882226853e-01 -2.844361249856418583e-01 -4.547279606306905420e-01 -1.131099505844576303e+00 -7.708058891943473379e-01 -5.867786460470831855e-01 -1.170106736073518228e+00
-4.145503677174119384e-01 4.927481677230387963e-02 9.582233553098981615e-02 -5.759357066753183485e-01 -5.141088662995275671e-01 1.537680548987359896e-01 -1.343438951714753526e-01 -5.411812787225245280e-01 -7.175660395428777594e-02 9.344794280886270510e-02 -5.478966555387770887e-01
5.605285292831964084e-01 3.094286872700192648e-01 2.841125941132423560e-01 3.616721879571584419e-01 2.857593719241920960e-01 1.991900867104973438e-01 1.125971795129602770e-01 3.314884059610220812e-01 3.935317011893413319e-01 2.818221071553415613e-01 3.334547048168634009e-01
3.153568075312502272e-01 8.523787254920930923e-02 -8.590330894892833635e-02 3.399878638542355169e-01 4.054670720254114347e-01 -3.577472827448582859e-02 -2.207374789742035798e-02 3.628566749377339362e-01 1.825443526701113484e-01 -7.983617402707368638e-02 3.189599888109416193e-01
2.835680745718910933e-01 1.680497244243407962e-01 6.451647922321312664e-03 1.868272608010600744e-01 2.847469342269908776e-01 9.412528708948161849e-02 -4.965930952941154108e-02 2.087140403973631320e-01 2.312376494406495064e-01 1.258149247736859919e-02 1.711257560388478594e-01
7.004265253173121986e-01 4.586219143962662059e-01 3.945949211805264700e-01 3.662001531574367585e-01 3.285906360102985868e-01 3.507354381952783040e-01 1.028040313913923393e-01 3.195236556307680664e-01 5.592116766860454335e-01 3.951489927614995623e-01 3.283792537061615002e-01
-2.372571265968431709e-02 5.303287000045705385e-02 3.019698839484281222e-02 -6.802449646986016840e-02 -4.426310157569313813e-02 5.604885524547800757e-02 -3.284146242868543619e-02 -8.195096340367455379e-02 5.853727934174725311e-02 3.325703864949315636e-02 -7.238781562819533721e-02
-1.439822517095554311e+00 -6.082803311905424781e-01 -7.411228550662516401e-01 -1.044066539216093270e+00 -7.084333618062740312e-01 -4.063569567391179804e-01 -4.625933878041623704e-01 -9.290024469203088664e-01 -7.896820858456427006e-01 -7.257947456294162603e-01 -9.824527969498807467e-01
-1.041429121470114127e+00 -3.484378010997766784e-01 -4.385887602088763271e-01 -8.720113035174137384e-01 -6.077539075039360972e-01 -1.697391531356675087e-01 -3.545661464983713151e-01 -7.905046429249487083e-01 -5.007690071255456177e-01 -4.279119869665696241e-01 -8.231639907847653204e-01
1.032550875497586507e+00 5.487370263120316949e-01 5.680650760394119203e-01 6.575326532337765206e-01 4.783982761869359224e-01 3.847317251548876271e-01 2.642650078002760639e-01 5.846151901341803958e-01 6.850242624357507637e-01 5.600914078451632028e-01 6.078885799015462110e-01
1.672840541920486146e+00 7.113255086744737499e-01 5.698875888180710003e-01 1.305103987301863278e+00 1.134032063354126318e+00 3.800886555583836146e-01 3.416378165580437054e-01 1.212038567553884505e+00 1.009125996706436768e+00 5.692027303830614615e-01 1.213954187054870015e+00
5.273952759154920678e-02 -2.981751079720827355e-02 -2.202034809473234489e-01 1.573382757169809743e-01 2.779457385036674943e-01 -1.137613458576051950e-01 -9.880277181979121859e-02 1.930644970945984140e-01 3.837924331150562723e-02 -2.110959729466524160e-01 1.452369083844491371e-01
-1.137876297047820451e+00 -3.475657801365822919e-01 -4.507289692433910089e-01 -9.768327353793970769e-01 -6.930866796050295653e-01 -1.690831827331513992e-01 -3.897630653125532252e-01 -8.802424358939529014e-01 -5.215814277580956837e-01 -4.398351310526921187e-01 -9.255852248788072334e-01
-5.557143663544400480e-01 -1.300277923778513436e-02 -1.243861194952866969e-04 -6.667799421942419702e-01 -5.516691665162778424e-01 1.192248550462011447e-01 -1.857717440935349185e-01 -6.415228129326141504e-01 -1.366499416674629708e-01 2.595555788920924940e-03 -6.388288506719311810e-01
6.582671905256848310e-02 8.047132207770522905e-02 1.342947521836962976e-01 -1.799232460699524538e-03 -6.586499337184013869e-02 7.540906254640510065e-02 5.022980361823074086e-02 -3.006038407428320708e-02 8.231669959855755780e-02 1.314601604138682100e-01 -6.777554498793963468e-03
-1.039463184632373055e-01 -1.703500600874163218e-01 -1.723478359422689621e-01 5.592947380665816426e-02 5.751669100245694610e-02 -1.539451549951873499e-01 3.589152048159855845e-03 5.422196376612009594e-02 -1.632233536432015908e-01 -1.711301394249500618e-01 6.294199602393892035e-02
2.869219395096878622e-01 1.334591569891109553e-01 3.114735625531208849e-02 2.059180676331859305e-01 2.620733463741836688e-01 9.425614511960288266e-02 -1.545479585336872932e-03 1.990156599054113684e-01 1.938976778494341247e-01 3.604718765483428539e-02 1.929991208715292061e-01
1.148905380476157534e+00 6.009670070347055137e-01 5.756093147901250040e-01 7.493224423076479956e-01 5.863655475483139368e-01 3.893244193667009245e-01 2.560649589715062180e-01 7.044141991834196315e-01 7.518195324363952103e-01 5.672395505064730115e-01 6.950421550031169460e-01
4.960219618665676622e-01 2.519343574086416182e-01 2.087376199063467053e-01 3.505173667068787746e-01 2.911905349416454847e-01 1.207171899991329733e-01 8.001790388191640235e-02 3.591546938473768047e-01 3.269859529712758062e-01 2.048087046366103559e-01 3.274361905514628357e-01
-1.351870623760091705e+00 -5.854393365400992755e-01 -6.397893323919261466e-01 -9.822313009828016472e-01 -7.375272840147250042e-01 -4.120170391944693034e-01 -3.907940001352948611e-01 -8.428046131288282616e-01 -7.884039007321181902e-01 -6.337465873850112175e-01 -9.147574919325586196e-01
-1.504831947176265450e+00 -5.255074063892181124e-01 -5.645666876301049797e-01 -1.255697853638519712e+00 -9.652551556957817969e-01 -2.889713937702436120e-01 -4.519604842769213149e-01 -1.103437029949511761e+00 -7.879039969583380154e-01 -5.589550256079885981e-01 -1.175799872676544622e+00
4.687122202325353371e-01 3.866618663102675546e-01 3.254253040393526586e-01 1.485420783204928485e-01 1.549860630852891441e-01 3.018881235132696572e-01 2.031422861802283791e-02 1.652185384726669592e-01 4.210170419186802793e-01 3.235939268035492034e-01 1.302727931183367827e-01
1.565873209864254934e+00 6.513277787295785881e-01 5.796121916172948252e-01 1.207209087760741095e+00 1.004000534478983742e+00 3.440772005641634657e-01 3.441195461887422979e-01 1.149268491853048468e+00 8.988793638517306173e-01 5.728174166688454472e-01 1.132929746285230577e+00
4.764647872044243115e-01 7.319692760850714242e-02 -7.532145149267292783e-02 5.351078439051364377e-01 5.466622488432401061e-01 -9.628114412693021540e-02 4.046624735638752052e-02 5.802695704767540930e-01 1.856483082738678569e-01 -7.446432011475639934e-02 5.120602741221337295e-01
-6.121630604013443833e-01 -3.536584591657054299e-01 -4.356821822724151194e-01 -3.334741193417059546e-01 -2.030209816951689394e-01 -3.256636913183473814e-01 -1.849430553672212763e-01 -2.250041466935197576e-01 -4.374789302223003329e-01 -4.356309781548293736e-01 -3.038265417974864158e-01
-3.871738613495133152e-01 3.325979400758251325e-02 2.488570610312194203e-02 -4.919584533628408862e-01 -4.145395134211212751e-01 8.161731550630783871e-02 -1.454731625871343581e-01 -4.372159335234934163e-01 -6.671650128198511331e-02 2.324743205386333236e-02 -4.736161170027907152e-01
-2.384132999059417612e-01 -4.642108919331407180e-02 -9.992573118430601864e-02 -2.014758310645342887e-01 -1.416788975594096833e-01 -6.594599763843657370e-02 -1.091839787292875896e-01 -1.480663917992162126e-01 -7.984147964072013659e-02 -9.984010032621837283e-02 -1.942656067246101292e-01
-6.250793267471789205e-01 -3.793545700314001068e-01 -4.867506911865958630e-01 -3.032105208713923306e-01 -1.579307688250007891e-01 -3.599537491659440258e-01 -2.057387836396078196e-01 -2.064502830263962585e-01 -4.376905907673425133e-01 -4.826596910664764928e-01 -2.763285143878859706e-01
-1.153526721299464979e-02 -3.949144216838202520e-02 -1.694217610180688838e-01 6.468522172288766747e-02 1.494667514073177994e-01 -1.073396481952656328e-01 -7.857743815046649982e-02 1.279441710827738665e-01 -2.010098501622370123e-02 -1.677670355784154632e-01 6.273858475524746181e-02
1.371003342596269547e+00 6.194516908214966477e-01 4.996852678076891263e-01 1.019071321929690299e+00 8.909007457304145561e-01 3.399463432534423624e-01 2.647374175893310588e-01 9.777849097433634062e-01 8.371461647888988056e-01 4.953456640308482317e-01 9.481387359960905536e-01
1.074245567903689080e+00 3.930846582749389362e-01 3.226132242363975444e-01 9.112087797235377540e-01 7.569821057774112072e-01 1.356422640970241511e-01 2.442418318874137184e-01 8.904181837468201355e-01 5.768568108208026457e-01 3.156558493375788976e-01 8.559931869706184360e-01
-9.722646909883772004e-01 -5.331977468704667267e-01 -6.755795124620814773e-01 -5.450937622334419697e-01 -3.212128663872734213e-01 -4.796038291208232773e-01 -3.174357819466673281e-01 -4.059361318029516275e-01 -6.411307777992421020e-01 -6.691750326960462791e-01 -5.037067103603272145e-01
-1.712822656816653355e+00 -7.384536640236571969e-01 -8.601302009444209418e-01 -1.236725399721808394e+00 -8.862634993627580560e-01 -5.326704369942800721e-01 -5.185845044467348730e-01 -1.046148173288766747e+00 -9.915175748562270464e-01 -8.523277695185749181e-01 -1.155982586336303353e+00
-1.128760315398224245e-01 1.098046336693035557e-01 8.333269477668704683e-02 -2.293607974319082365e-01 -1.949967020175457366e-01 9.500006201054678190e-02 -6.896128159871557639e-02 -1.935312786072926061e-01 6.529512786803097490e-02 8.108570699265003900e-02 -2.287853178295984891e-01
1.185569574096910772e+00 4.384857474997822524e-01 3.502503089659053104e-01 1.014952297368481915e+00 8.463327158245171900e-01 1.496673526057767933e-01 2.713038017175409267e-01 9.777057860813239687e-01 6.545925148321538600e-01 3.441279971853616337e-01 9.487722943524408148e-01
6.246773588755094586e-01 4.188819169187937147e-02 -8.848455002399362168e-02 7.769920943895568533e-01 7.042457960635982728e-01 -1.850386512970303710e-01 1.408977800699253435e-01 7.922591050983091021e-01 2.055405022836537532e-01 -9.102587587084781662e-02 7.379688804976191063e-01
-1.120712667370522136e-01 -1.007061452129123652e-01 -2.772701594456542518e-01 3.554582148765852295e-02 1.556262366450226753e-01 -1.832859665849965181e-01 -1.211405211591171927e-01 1.132551638186961723e-01 -7.732289726685884212e-02 -2.738957142446163950e-01 3.257813447048840683e-02
2.707554295798895311e-02 1.427777762255358074e-01 2.342883129541234455e-02 -7.759170080206333198e-02 6.612034217868141203e-03 7.386816333625034758e-02 -9.923413550876578060e-02 -2.017286883466388320e-02 1.437310701612682651e-01 2.386131965006229108e-02 -8.448922626686898585e-02
-2.502989802770584915e-01 -5.279217921401089392e-02 -6.969748571822810546e-02 -2.287375248811908957e-01 -1.902423348546764814e-01 -5.590580437212345349e-02 -9.590629930186819752e-02 -1.695225803901506401e-01 -1.037188058890727294e-01 -7.243784226757019051e-02 -2.143762991051878231e-01
-1.073873861176419808e+00 -4.958425091242471550e-01 -5.830563504771626437e-01 -7.419507683462613912e-01 -5.179066751472339858e-01 -3.790153772081906181e-01 -3.376402921140220226e-01 -6.041973648478039527e-01 -6.528664734926531432e-01 -5.780432903748831119e-01 -6.862347079149002660e-01
-5.253774148228109730e-01 -2.198100722002646334e-01 -4.297413413886057576e-01 -3.519096951060984302e-01 -1.047910045852832178e-01 -2.109014036380412460e-01 -2.811763232171115567e-01 -2.346910496540193791e-01 -2.734834574360123782e-01 -4.208240645640718425e-01 -3.309536785722714258e-01
1.285878323113688104e+00 5.578002120693097421e-01 4.527680352381105444e-01 1.004351968944511730e+00 8.447756161721289292e-01 2.581020098276638475e-01 2.757637524564829912e-01 9.725462859254956349e-01 7.698584139617176136e-01 4.451193313971125720e-01 9.337587139237428779e-01
1.537048505700592482e+00 5.814241824835718608e-01 4.062346156247411133e-01 1.310595764050898726e+00 1.151997369468306776e+00 2.051939512000864607e-01 3.052569581301683987e-01 1.266647304439933786e+00 8.745284803250535921e-01 4.029049459110820575e-01 1.221849415743160749e+00
-4.080108825182542365e-01 -3.304850733946082531e-01 -4.699676747865702553e-01 -7.130378832719377891e-02 4.323388146561044781e-02 -3.797384741126809682e-01 -1.527270320158789774e-01 1.959240698575065096e-02 -3.366041944539783781e-01 -4.667834685285452423e-01 -5.962510524441780313e-02
-1.607023292159453831e+00 -6.208647603869563714e-01 -7.485679825829471001e-01 -1.226087103420993030e+00 -8.870968866920042606e-01 -4.336518161376514136e-01 -5.074564807294191793e-01 -1.046032861552329329e+00 -8.612884684305748273e-01 -7.408411044237428467e-01 -1.151358427491586900e+00
-5.421884428840927361e-01 1.002718520111286170e-03 -1.230892711347997964e-01 -6.231128435823840572e-01 -4.191707086113179992e-01 4.341690962789306052e-02 -2.824045450713803529e-01 -5.184582045377246207e-01 -1.082384809688259897e-01 -1.189807002513380563e-01 -5.988133543505221867e-01
6.571686667352163447e-01 3.567821880289328562e-01 2.445001217159375184e-01 4.455988770661743481e-01 4.238212314346942455e-01 1.878433050200268295e-01 6.804100657857098389e-02 4.565690410854713055e-01 4.611648361539608665e-01 2.436900285230697294e-01 4.110644662739507682e-01
4.627488963414334577e-01 7.939689650678991018e-02 -5.871865861267533404e-02 4.985878096912081947e-01 5.170792591204305122e-01 -5.909307201282073402e-02 4.403971250714070612e-02 5.275313587397307824e-01 1.812725138919048518e-01 -5.660340995298403927e-02 4.768437209935298959e-01
1.998543416165440845e-01 1.541574355738436000e-02 -1.101990903685015621e-01 2.383103852418972657e-01 3.015610890754503171e-01 -5.856926487641909290e-02 -2.007791682262921595e-02 2.809609840041435436e-01 6.189027668450068631e-02 -1.083737765282310750e-01 2.304818087978205421e-01
5.459533873074640109e-01 3.291961187224025642e-01 2.501775105871760774e-01 3.148885609254685747e-01 2.974692371974560490e-01 2.086957022403121975e-01 6.379454528340762487e-02 3.325901047994806459e-01 3.887904365553810360e-01 2.464686945561996856e-01 2.906553943502575010e-01
4.014783428571461199e-02 1.160842013936540101e-01 -5.226419962316893042e-02 -1.860579227045686471e-02 1.030559493722911640e-01 3.155030289644532998e-02 -1.297456335005181538e-01 3.793799208321176758e-02 1.406238415047047496e-01 -4.651665530220465417e-02 -2.978435502479409580e-02
-1.298405825896151278e+00 -5.407072487519399839e-01 -7.013432567283709451e-01 -9.323957731707019914e-01 -6.122181195010117927e-01 -4.032616045981929354e-01 -4.484797811587609151e-01 -7.875249729175725077e-01 -7.076880289788378686e-01 -6.891760202902680321e-01 -8.760563745064822161e-01
-1.100297848312877580e+00 -3.889287752561781386e-01 -5.090943614714212861e-01 -8.820009057031600319e-01 -6.107405166661126206e-01 -2.578354173886239220e-01 -3.852075058782307715e-01 -7.434547431210757340e-01 -5.592744515851815201e-01 -5.022867927942604727e-01 -8.275758235787273875e-01
9.082905316812617258e-01 5.307891714591082000e-01 4.815392502817731901e-01 5.282748575196313245e-01 4.373462936714643812e-01 3.647311782561937221e-01 1.604881641976274587e-01 5.124168844306776771e-01 6.391271857860179040e-01 4.755846601924052508e-01 4.890386708964242768e-01
1.745958605477642145e+00 7.415351311520649302e-01 6.523261539348492732e-01 1.337490545036844392e+00 1.117067826995995494e+00 4.032341931981168193e-01 3.852691540447021334e-01 1.258302561426258404e+00 1.022584047803467122e+00 6.462115772043219852e-01 1.250346568272990400e+00
1.765560822208803171e-01 -8.908903500899727212e-02 -1.850487703947789331e-01 3.452849699930837235e-01 3.522940663123307337e-01 -1.900626150883292509e-01 2.561907241988418960e-02 3.725908461028110130e-01 -2.090050332588463608e-02 -1.839283042470123419e-01 3.319807549582123318e-01
-1.226426550106391788e+00 -5.350284557660862639e-01 -5.549381909964512527e-01 -9.027983244763212456e-01 -6.973910280306213627e-01 -3.478655894874344567e-01 -3.182165109228522470e-01 -7.963108998157006901e-01 -7.318039834933516286e-01 -5.508613947711125114e-01 -8.423833369925414205e-01
-6.970841112867871558e-01 -7.283138009765133258e-02 -7.272371662344306875e-02 -7.895892400386930188e-01 -6.342144473442348218e-01 7.536051084030977176e-02 -2.403383084233555733e-01 -7.141357479700228827e-01 -2.459661055731006407e-01 -7.183786707477968214e-02 -7.469803098522626028e-01
1.515327036949709882e-01 2.105800113202100921e-01 7.996103338556123652e-02 -6.715514941757948220e-03 8.600985177412749649e-02 1.452331764916200418e-01 -8.765042819296389731e-02 2.310186277195944854e-02 2.326093662361423120e-01 8.528895246432080524e-02 -2.001922240960656713e-02
5.323009317984628286e-02 2.180960175810885832e-02 -1.736637567315990061e-01 1.024007460260687175e-01 2.334023664636422635e-01 -7.036244691553909802e-02 -1.165192448345290094e-01 1.549039363088353105e-01 7.138661935362243527e-02 -1.649100605034159728e-01 9.055699541006240194e-02
2.204611256080653559e-01 1.342448230457572167e-01 -2.549644912635007019e-02 1.566314983329127331e-01 2.466496012661610060e-01 3.891735464323377303e-02 -6.221493316483839298e-02 2.077157403043754791e-01 1.816642288918077774e-01 -2.182878965145790967e-02 1.451201069416673262e-01
9.953856987407873058e-01 5.376003476461983510e-01 4.923229982400193494e-01 6.249944284341611977e-01 5.171430737439335346e-01 3.670085355214661726e-01 1.971080425211275133e-01 5.869513327647074563e-01 6.674454286875525222e-01 4.873005788346991829e-01 5.792512584286134691e-01
5.478571397286852163e-01 2.745488116258665845e-01 1.963126784281108983e-01 3.934372061403203502e-01 3.673886694749178283e-01 1.524216417926802236e-01 7.795332224314703573e-02 3.745555085794211037e-01 3.695448004364086936e-01 1.975957214881482737e-01 3.602334973281972608e-01
-1.216473264824855072e+00 -5.554194397850725773e-01 -6.669385865798376223e-01 -8.298334053184558412e-01 -5.638486457086994141e-01 -4.122394101748499406e-01 -3.754549112180580184e-01 -7.151391091345844497e-01 -7.126894815626226842e-01 -6.560374546313954003e-01 -7.790935697551580885e-01
-1.562280758630853583e+00 -5.963275872586117909e-01 -6.817599846075107495e-01 -1.224072198745826956e+00 -8.967241889406314392e-01 -3.601518345713449754e-01 -4.710963307033145253e-01 -1.091080202058301030e+00 -8.356575332155175007e-01 -6.705197896836314619e-01 -1.152777979058223323e+00
3.440263205655753054e-01 3.157297570328285730e-01 3.341108935048522910e-01 4.767214907882106473e-02 1.433765360233718242e-02 2.955898743581437671e-01 5.727921637162047830e-02 3.746637000782870180e-02 3.121150138029935572e-01 3.303053848318917018e-01 3.874405010693529605e-02
1.641154808361713791e+00 7.389069972140720477e-01 6.831130366779858409e-01 1.205547138986338807e+00 9.820961712224228757e-01 4.429777815676728681e-01 3.815384477087115922e-01 1.110357501066115082e+00 9.883155083042879374e-01 6.774525700119171656e-01 1.122935925193258022e+00
6.110598676697329701e-01 2.024777286284762667e-01 2.550145317666157110e-02 5.736317884756968466e-01 5.954717678955974147e-01 2.523012735098789303e-02 5.718150719489520362e-02 5.794941789276532029e-01 3.385237304485035903e-01 3.100608643554753421e-02 5.353108024132023912e-01
-6.952018872878216182e-01 -2.153803342668102472e-01 -3.983748718108625630e-01 -5.711145884657441441e-01 -2.996496525431747715e-01 -1.425091344653980352e-01 -3.171857136581953118e-01 -4.726919637452056677e-01 -3.113912401657080165e-01 -3.863448984681543408e-01 -5.433020020341369216e-01
-5.414166646935328897e-01 -1.175411052473325155e-02 -1.096013657975265926e-01 -6.199437480151390734e-01 -4.237428993094840002e-01 7.138646844197510388e-02 -2.521401630676023409e-01 -5.594810233914209174e-01 -1.172083700919424459e-01 -1.022606443731096937e-01 -5.994707385973135905e-01
-1.682283196619157595e-01 3.825783967321204349e-02 -1.670985920337260053e-02 -2.229237630756327748e-01 -1.411624087638495006e-01 5.161085766638086325e-02 -1.059683548458490165e-01 -2.029095635058310587e-01 7.766079615310423657e-03 -1.223335316908989376e-02 -2.211843365468181000e-01
-4.637171902573950510e-01 -2.341800116260762954e-01 -4.082292567013440787e-01 -2.546666226777561381e-01 -5.281297612228443017e-02 -2.231425082588897324e-01 -2.259436673372838267e-01 -1.865714368276264745e-01 -2.597109269319301528e-01 -3.962292439507137942e-01 -2.437830448216237178e-01
-6.178151000986558533e-02 -3.976436874462664639e-02 -1.479250240473112543e-01 -1.177607188671229120e-02 8.621257935073131651e-02 -5.770331663295056451e-02 -8.221590837248082817e-02 2.253030791989427475e-02 -3.250511715782609251e-02 -1.426079282120434610e-01 -1.221318894185228349e-02
1.222700844124903652e+00 6.133252270609709234e-01 5.884629284192151033e-01 8.203216049816746125e-01 6.504207962669094067e-01 4.058469905036374836e-01 2.844319528614168147e-01 7.540511747715668012e-01 7.798415009433402600e-01 5.815974594401790432e-01 7.612859352724467010e-01
1.119261572594431042e+00 5.551546363329976641e-01 4.104429440164147347e-01 8.028811765245634779e-01 7.377549043492777070e-01 3.204382700319540200e-01 1.810178409432770807e-01 7.531038596797335893e-01 7.447285898671603954e-01 4.129897702328192421e-01 7.368044207256834177e-01
-8.413014523284076951e-01 -3.348497662483660986e-01 -5.235806674925287396e-01 -5.932574819816589518e-01 -3.199843954907859445e-01 -2.692953879007612961e-01 -3.408861350808865542e-01 -4.926945648697073632e-01 -4.283297112593304479e-01 -5.097216722516951792e-01 -5.646608961800236859e-01
-1.771929355923738347e+00 -6.386672201001173388e-01 -7.543961235114119424e-01 -1.428271197071684817e+00 -1.035405171107239619e+00 -3.673280211314847166e-01 -5.532389667206053518e-01 -1.274276881956658780e+00 -9.192470043433870197e-01 -7.403853696550916075e-01 -1.347233728053127910e+00
-2.431038470259545281e-01 5.802164127809500416e-02 6.043232043489979444e-02 -3.762804358982487218e-01 -3.017233578404688310e-01 1.336309597661035076e-01 -1.000075298665309420e-01 -3.544136750106805511e-01 -2.491304746992660871e-02 6.143754799179447501e-02 -3.612936445472466063e-01
1.260133526076646193e+00 5.446729661076156193e-01 5.659386608615798453e-01 9.459326864252561862e-01 7.127201316754405713e-01 3.204517694078353740e-01 3.460097974095575624e-01 8.563140168600796853e-01 7.324733279179785894e-01 5.584031313045738631e-01 8.809836168475865259e-01
7.722553589262881601e-01 1.647802332413891568e-01 9.193736099670274386e-02 7.792068582103700569e-01 6.826958390547588351e-01 -9.784279928487580116e-03 1.914754670060489217e-01 7.465258210879346379e-01 3.237425137307307632e-01 9.129116158065654629e-02 7.384530932031683204e-01
-1.839034024910039811e-01 -8.025538653808748923e-02 -2.305559539626276244e-01 -1.063670980918669934e-01 4.593055465537915216e-02 -8.685495363120179779e-02 -1.448764221459945822e-01 -5.513645992492752224e-02 -8.485145694195232735e-02 -2.227314486723353804e-01 -1.019519156324145276e-01
